69 99
1 0 0 w 0 z 1 1 1 1 1 1 1 1 1 1 1 1 f 1 b 1 m q y k 0 0 p w e p 0 0 0 0 0 0 0 0 0 1 1 1 1 1 1 1 1 1 0 a 0 0 0 0 0 0 v 0 q 0 m q 0 0 0 0 0 0 0 0 0 0 0 0 0 b 0 v 0 e 1 1 1 1 0 1 1 1 1 1 1 1 1 1 1 1 1 
l 1 1 1 1 1 1 j 0 y 0 0 x m 0 1 1 1 0 1 o 1 1 1 1 1 0 1 0 0 1 1 1 1 1 1 e 1 1 1 0 1 1 1 1 1 1 1 1 1 w 1 1 t h 0 x 1 0 1 1 1 1 1 1 1 1 1 1 1 1 1 1 0 1 1 1 0 1 f 0 0 0 0 0 j 0 l 0 0 r i 0 x b 0 k o 1 
0 1 1 1 1 z 1 0 h 0 p b x 0 0 a c 0 0 0 0 j 1 0 0 0 c 0 0 0 0 d 0 0 0 0 r 0 0 0 f 0 0 0 x e 0 i 0 0 0 0 a 0 0 l m 0 y 1 1 1 1 0 g 0 n 0 t 0 0 e 0 m 0 e c 0 n 0 0 0 x 0 f 0 t 0 0 0 0 0 0 t 0 0 0 1 1 
0 1 1 1 1 0 1 0 b 0 0 0 q d 0 0 m 0 t 0 0 0 0 0 0 s 0 a p 0 0 0 k z 0 0 g 0 0 0 0 0 a y 0 p 0 0 1 1 0 0 0 0 w c 0 z r 0 0 u k 0 0 0 c c 0 0 0 0 e 0 n 0 a h 1 1 1 1 1 1 1 1 0 1 1 1 1 1 0 1 1 0 0 1 1 
m 0 1 0 0 0 0 0 0 0 d 0 0 0 0 j 0 0 0 0 0 0 0 d 1 1 0 f c 0 1 1 1 0 1 1 1 1 0 1 y 1 1 0 1 0 1 k 1 1 0 1 1 1 1 1 1 1 0 1 1 1 1 0 1 1 0 1 1 1 1 1 1 0 1 1 1 o 1 1 1 1 1 1 1 1 l 1 1 1 1 1 0 1 1 l i 1 1 
1 0 0 m 0 s w 0 0 0 0 0 0 k r 0 0 0 0 0 g 0 c 0 0 e 0 0 j r 1 1 1 y 1 1 0 1 0 1 0 1 1 s 1 0 1 x 1 1 z m 1 1 1 1 1 1 0 t 0 l f c 0 0 0 e g w 0 0 0 0 0 0 0 0 o 0 0 0 0 0 0 0 0 0 d 0 0 l 0 0 d 0 b 1 1 
1 l 0 0 p 0 g 0 0 0 0 0 0 u 0 b 0 f 0 j l w 0 0 m r 0 k d 0 0 0 0 0 0 y 0 0 y s 0 0 0 0 g 0 0 0 0 0 0 0 t z 0 r 0 0 b 0 0 v 0 x 0 0 c 0 0 0 m 0 0 0 m 0 0 0 r r 0 0 0 0 0 1 0 1 1 1 0 0 0 0 1 z r 1 1 
1 b 1 1 0 0 1 0 0 1 1 1 1 1 h 1 1 1 1 1 t 1 0 1 1 0 0 e p 0 0 0 0 d 0 0 0 i o 0 v u 0 0 x 0 t i 0 d h e y 0 0 l 0 1 0 1 1 1 1 0 1 1 0 1 1 1 m 1 1 t y 1 1 x 1 1 0 k h 0 0 0 m 0 0 0 0 d 0 0 0 c 0 1 1 
1 0 1 1 0 0 0 0 0 0 0 0 f u s 0 0 0 0 0 q 0 0 q 0 0 v 0 0 0 0 0 0 j l 0 t e 0 0 0 0 0 0 y 0 z 0 l 0 0 f 0 0 0 0 0 d 0 b 0 e 0 c w 0 0 k 0 0 0 1 1 0 0 1 1 0 1 1 1 1 1 1 1 1 r 1 1 1 0 n 0 0 1 0 k 1 1 
1 e 1 1 0 1 1 o 0 1 1 1 1 1 1 1 1 p t 1 0 1 0 0 1 1 x 1 0 0 1 1 1 0 1 1 0 0 m 1 0 1 y q l 0 1 0 0 0 0 0 0 0 1 s 1 0 0 f r 0 0 0 0 a 0 0 0 0 m 0 j 0 0 0 u 0 0 z 1 z w 0 1 1 0 1 1 1 0 0 d f 1 0 0 1 1 
1 r 1 1 0 1 1 1 0 1 1 r 1 1 1 1 1 a 0 1 q k 0 0 0 0 0 y s k 0 0 0 d u e f y 0 b 0 0 0 0 0 0 0 z k 0 g z 0 0 m 0 0 0 0 m x 0 0 0 o u 0 t 0 0 0 0 0 0 h s 0 0 1 1 1 1 1 0 1 1 0 1 1 1 0 y 0 0 1 0 0 1 1 
1 0 1 1 0 1 1 1 v 1 0 0 0 d 0 x q e 0 1 0 1 k s 1 1 1 1 1 0 1 1 1 i 1 1 s o 0 1 0 1 b 0 0 0 0 0 v 0 0 0 0 0 1 0 1 1 1 b 1 1 p 0 0 h 0 0 g a 0 0 p e 0 0 0 0 0 1 1 1 0 0 1 1 0 1 j 1 0 0 0 0 1 d 1 1 1 
1 0 1 1 0 m 0 0 o 0 0 0 0 0 0 0 0 0 0 0 0 0 0 0 0 0 q l 0 0 b 0 n s 0 z 0 0 0 1 0 p 0 o 0 x 0 0 0 0 0 0 u 0 0 0 0 c 0 0 0 0 0 z l 0 0 0 0 0 m 0 0 0 0 0 r 0 0 l 0 0 0 0 0 0 m d 0 c 0 0 w 0 1 0 1 1 1 
0 0 0 0 p 0 0 0 0 j 0 x c c 0 k h 0 0 0 0 0 h 0 b 0 0 x o h 0 0 l 0 0 0 0 0 0 h 0 0 k 0 0 0 0 0 0 0 0 0 0 q w b 0 a 0 0 q 0 0 0 q 0 0 0 k 0 0 0 b 0 0 1 1 0 1 1 1 0 0 0 1 1 0 1 b 1 0 0 s 0 g 0 o 0 0 
1 0 1 c 0 1 1 1 0 0 1 0 0 l 0 0 g 0 r u 0 0 0 s 0 0 0 1 1 0 1 1 1 0 1 1 0 1 0 0 0 1 1 f 0 0 n 0 0 x d 0 0 z 0 e 0 w 0 0 0 0 0 j r 0 0 1 l 1 0 1 b 0 0 1 1 y 1 1 1 0 0 r 1 0 0 1 1 1 0 t 0 x 1 0 t 1 1 
s q 0 o 0 c 1 1 h 0 1 j j 1 1 1 1 l m 1 0 0 z 0 1 1 1 1 1 u 1 1 1 0 1 1 0 0 0 b 0 o 0 0 0 0 h l x 1 0 u 0 0 1 0 1 1 1 1 1 1 0 0 t 1 i 1 i 1 w 1 1 0 0 0 t 0 0 k 0 n 0 0 t 0 j q w 0 s 0 l g 1 0 v 1 1 
0 0 1 0 0 0 0 0 0 0 0 n 0 n q v 0 j d 0 0 0 0 s 0 g 0 0 0 0 0 h 0 0 0 b 0 j y 0 f e 0 0 k 0 0 0 0 1 0 0 0 v 1 0 1 1 1 1 1 1 0 0 0 1 0 1 0 1 0 1 1 0 0 1 1 0 1 1 0 v j 0 1 0 0 k 1 1 0 0 0 u 1 v k 1 1 
0 z 1 1 0 1 1 0 n z 0 j 0 0 z u 1 0 0 1 0 i l 0 1 0 0 1 1 0 1 1 1 0 1 1 p u 0 v 0 1 1 f 1 0 0 0 0 1 0 n 0 1 1 0 1 1 1 1 1 h 0 p 0 1 0 1 0 1 f 1 1 j 0 1 1 0 1 1 0 0 d 0 1 0 f v 1 1 0 0 0 0 p 0 v e 1 
0 m 1 1 0 0 0 l 0 g j 0 0 f 0 0 f f 0 0 0 e h 0 i 0 k 0 p 0 0 0 0 0 f l 0 0 0 0 n 0 0 q 0 h 0 l 0 w 0 0 0 t 0 d 0 0 0 p 0 0 w 0 0 0 0 0 0 w s 0 0 0 o q 0 0 0 r 0 0 0 0 1 0 0 0 1 0 0 b 0 p a 0 0 1 1 
o 0 1 1 0 0 1 1 0 0 1 0 1 1 1 1 1 0 0 1 0 0 a 0 1 g 0 1 1 0 1 1 1 0 1 1 f 0 0 0 0 0 0 0 0 0 0 0 0 0 0 0 0 p 1 e 1 1 1 1 1 0 z 0 j 1 0 1 0 1 0 1 1 0 0 1 1 1 1 1 0 z n 0 1 x 0 1 1 0 0 0 0 i 0 0 0 l a 
0 0 1 1 0 e 1 1 0 0 1 0 1 1 1 1 1 s 0 0 b 0 0 0 0 0 0 0 s b 0 t 0 0 0 0 y 0 0 q 0 0 0 0 0 0 0 0 0 h 0 g 0 0 0 o 0 0 0 x l 0 0 0 d 0 0 1 0 1 c 1 1 a 0 1 1 1 1 1 0 0 0 0 1 a k 1 1 0 0 z 0 0 0 1 c 1 1 
0 0 i a 0 0 1 1 0 0 0 r 0 t b b v 0 0 w 0 e 0 0 0 0 0 0 0 n 0 0 0 d g 0 0 0 u 0 0 m 0 p 0 d 0 0 0 p 0 0 0 y 0 v e y 0 p 0 0 0 0 0 0 q 0 0 j 0 0 m 0 0 0 0 0 0 w 0 0 0 0 0 0 0 1 1 k e 0 1 n 0 1 x 1 1 
0 k 1 1 0 l 1 1 d w 1 0 1 1 1 1 1 0 1 1 1 0 q 0 1 0 0 q 1 n 1 1 1 c 0 1 0 p 0 1 1 0 y 0 1 0 0 0 1 1 0 0 0 b 0 0 1 1 1 1 1 0 0 0 0 1 s 1 s 1 0 1 1 0 0 1 1 1 1 1 0 0 0 e 1 0 0 1 1 0 0 1 1 0 0 1 0 1 1 
0 1 1 1 0 0 1 1 0 0 1 d 1 1 0 a 0 0 o 0 0 s 0 0 n 0 0 0 0 0 t 0 0 0 0 a 0 0 0 p 0 e 0 j v 0 r 0 g k 0 0 0 0 0 0 0 0 0 b y 0 0 0 z a q 0 x x 0 e o c 0 0 0 0 0 0 r l 0 0 1 0 x 1 1 d 0 f 1 0 0 1 0 g t 
z b 1 1 q 0 1 1 1 0 1 0 1 1 0 1 1 0 1 1 1 s l 0 1 m 0 0 1 0 0 1 1 0 u 1 0 z v 1 1 m 0 0 1 0 0 0 1 1 v 0 f d 0 0 1 1 1 1 1 0 a 0 0 0 0 u 0 0 0 0 0 0 d 0 u 1 1 1 0 0 0 0 1 0 0 1 1 0 0 x 0 0 0 0 n p 0 
0 b y 1 0 0 1 1 1 0 0 d 0 0 k 0 0 0 d n r 0 x b 0 0 0 0 d w o g 0 y 0 0 0 0 0 m 0 x a 0 0 0 0 x p l 0 0 i 0 0 0 0 0 k s 0 0 0 r 0 f 0 0 0 0 s 0 0 0 c 0 0 0 0 i 0 z 0 0 0 0 0 o 0 0 q 0 0 l 0 0 0 0 1 
w 0 1 1 0 r 0 0 x 0 0 0 r v b 0 0 0 0 q 0 0 e 0 0 l 0 0 1 0 0 1 0 r 0 0 0 0 0 b 0 0 0 n 0 0 0 0 0 0 0 w w 0 0 s 1 1 1 1 1 z 0 0 b 1 0 1 0 1 0 1 1 0 0 1 f 0 0 0 0 0 0 m 0 c 0 0 0 0 0 q w i 0 o 0 1 1 
0 0 1 1 0 0 1 1 1 0 1 o 1 0 p 1 1 0 1 1 1 c m 0 1 0 0 a 0 0 0 0 0 0 0 0 0 0 e 0 s 0 0 0 0 0 b 0 f i 0 0 0 s s 0 0 0 0 0 a 0 0 s 0 x 0 0 0 s 0 0 0 0 0 1 1 1 1 1 l 0 q 0 0 0 0 x r 0 0 1 1 0 x 0 0 1 1 
k 0 1 1 0 d 1 1 1 0 1 0 1 s 0 1 1 0 1 1 1 v 0 0 n 0 0 0 0 o 0 k 0 q 0 o t 0 0 u 0 0 v 0 v v 0 0 0 0 0 w 0 m 0 0 0 0 0 0 0 w 0 e 0 m q m 0 0 b 0 0 0 0 0 0 t m 0 0 0 j 0 o 0 y 1 1 0 p 0 0 0 f 0 x 1 1 
0 g 1 1 0 0 1 1 1 z 1 0 0 0 x 0 k q j 0 l d 0 m a t 0 m 0 0 0 u 0 0 0 0 0 p c r 0 0 0 0 d j b 0 d 0 z h 0 0 0 0 z o 0 0 c c 0 0 0 0 0 0 0 0 0 0 d 0 u u 0 0 c h f t 0 g 0 n 0 1 1 b h 1 1 0 u p 0 1 1 
1 1 r 1 0 0 1 1 1 0 1 0 g b 0 1 1 0 1 1 1 0 l 0 1 q x 0 b c 0 0 0 0 0 0 0 0 0 0 0 0 p 0 b 0 0 0 0 1 0 0 1 0 q 1 1 1 1 1 1 0 0 0 0 0 0 0 0 1 0 1 1 0 0 1 1 1 0 i 0 0 0 w f 0 a 1 1 0 a 1 1 0 c 0 0 1 1 
1 n 0 0 0 0 0 0 c 0 a 0 d x 0 j v 0 y v 0 0 u g 0 q x 0 0 y 0 0 h 0 0 o 0 0 0 k s 0 0 0 0 d t 0 f 0 c 0 0 n a 0 0 0 0 1 1 0 0 0 c 0 0 d 0 1 0 1 1 a 0 1 1 1 1 1 0 0 i 0 1 v u 1 1 h c 0 v o 0 f 0 1 1 
1 1 0 1 n 0 1 0 1 g 1 0 1 d 0 1 1 0 1 0 1 0 0 0 1 0 0 0 0 0 0 1 1 0 1 1 0 c 1 0 0 0 f 0 1 0 0 0 1 1 0 1 1 c 1 1 1 0 1 1 1 0 0 0 0 0 0 u 0 1 g 1 1 q 0 1 1 1 1 1 z y 0 0 1 b 0 1 1 0 m 1 1 0 0 y 1 1 1 
1 0 0 1 b 0 1 y 1 0 1 0 1 0 1 0 1 0 1 e 1 0 0 0 0 0 0 z 0 0 0 0 x i m 0 0 0 1 0 1 0 0 0 1 q 0 0 1 1 e 1 1 j 1 1 1 0 1 1 1 0 r 0 f 0 0 0 q 1 0 1 1 x m 1 1 1 1 1 0 0 h 0 1 0 0 1 1 0 0 1 1 0 0 0 1 1 1 
1 0 0 1 0 0 0 0 1 k 1 0 1 t 1 0 1 0 k 0 1 l x 0 1 1 0 0 o l q 1 1 j 1 1 i o u 0 1 0 0 0 1 t 0 0 0 0 0 0 0 p h 0 0 m 0 0 0 0 0 0 m 0 o 0 0 0 0 0 b 0 j 0 0 b n 1 0 0 r 0 1 i 0 1 1 0 0 1 1 0 0 0 1 1 1 
1 s 0 1 0 p 0 h 1 0 1 0 f h 0 h 0 0 0 0 0 0 y m 0 t 0 0 0 n 0 0 0 n 0 0 0 0 0 0 r b k 0 r 0 g 0 1 1 c 0 0 0 y 0 0 0 0 0 0 u 0 0 0 0 f n 0 0 0 0 0 0 0 0 0 0 d 0 0 0 0 0 z 0 0 o 0 0 0 1 1 g 0 b 1 1 1 
1 0 0 1 x n 0 k 1 0 1 x a 1 1 0 1 0 0 0 0 0 0 0 0 0 0 y g p 0 0 0 0 0 0 o 0 l 0 1 u 0 0 1 x 0 0 1 1 0 0 1 a 1 1 0 0 1 1 1 0 y 0 u 0 0 v 0 1 0 1 1 0 0 1 1 1 1 0 n g t 0 0 0 f 0 0 0 j 1 1 0 0 0 1 1 1 
1 0 0 1 0 0 t 0 c 0 0 0 0 0 j 0 g 0 0 0 0 0 0 j 0 r 0 0 0 0 0 0 0 u 0 0 t 0 0 0 0 l q 0 0 n 0 w 0 p 0 0 0 0 0 0 r 0 0 0 0 0 k 0 0 t 0 0 q o n 0 0 0 0 0 0 o 0 0 c 0 0 0 j 0 z v 0 0 k 0 e 0 0 0 0 1 1 
1 0 k 1 p 0 0 0 1 0 1 0 p c 1 0 1 0 0 0 0 0 0 0 1 1 1 0 1 0 w 1 1 a 1 1 0 0 0 0 1 1 l 0 1 0 0 w 1 1 0 0 0 0 1 1 j 0 1 1 1 0 1 0 0 h 0 0 0 1 0 1 1 0 0 1 1 1 1 1 k n 1 o 1 0 k 1 1 x 0 1 1 j 0 l 0 1 1 
1 0 0 1 m d 0 0 1 0 1 0 c 1 1 e 1 q g 0 q 0 0 0 1 1 1 0 1 x 0 0 u s g 0 0 0 0 0 a 0 0 f f 0 0 m 0 0 0 m 0 0 0 i x 0 0 f 0 0 t q v k 0 k 0 1 0 1 1 0 0 0 0 1 1 1 0 t 1 u 1 a 0 1 1 j s 1 1 u 0 0 0 1 1 
1 s 0 1 0 0 0 k 0 0 0 q 0 0 z 0 z b 0 s v 0 0 0 f y f l 0 0 0 0 t p 0 0 z 0 0 0 s 0 0 0 0 0 0 0 0 0 0 0 k 0 z 0 0 k 0 s 0 l 0 0 c 0 0 0 0 1 f 1 1 0 0 s 0 1 1 1 h 0 1 0 1 1 0 1 1 0 h 0 0 0 q 0 0 1 0 
1 w k 1 0 a 0 z 1 0 1 0 1 1 q d 1 0 0 0 0 g j v u 0 0 0 0 0 i 0 0 0 y k k 0 0 0 0 0 0 0 d p 0 0 0 v u 0 o d 0 m m 0 0 v 0 w 0 0 0 0 0 e 0 1 0 1 1 r 1 n 0 1 1 1 u 0 1 r 1 1 0 1 1 0 h a 1 u 0 0 0 1 g 
1 0 0 l 0 0 0 0 o m f j 0 0 1 0 1 0 p 0 0 1 0 w 1 1 0 1 1 0 b 1 1 e 1 a h a 0 0 a h 0 0 0 f a 0 0 0 u 0 0 0 0 0 0 0 0 0 0 0 0 l 0 d 0 0 0 o 0 0 0 0 0 0 p 0 0 0 0 0 1 0 1 1 0 1 1 0 m 0 1 0 0 i g 1 j 
1 0 0 1 o 0 0 r 1 0 1 0 1 1 1 0 1 0 1 n 0 1 y 0 1 1 l 1 1 c 1 1 1 0 1 s 0 0 s 0 0 m 0 0 x 0 p 0 y 0 0 0 0 0 1 1 1 0 1 1 1 0 1 0 1 1 0 0 0 1 0 1 1 0 1 1 0 1 1 1 r 0 1 0 1 1 1 1 1 0 0 h 0 0 0 0 0 y i 
1 0 0 0 b 0 0 0 0 0 0 0 0 m 0 b a 0 0 k 0 0 l 0 s 0 0 v u 0 0 0 0 0 0 0 0 0 y s x x l 0 m 0 d p 0 t 0 i 0 0 0 b 0 0 0 0 0 0 0 0 0 0 t 0 m 0 x 0 0 f v m 0 0 m 1 0 x 1 x 1 1 1 1 1 0 0 1 1 0 0 q o i 1 
1 0 l 1 0 f l 0 a 0 1 0 1 1 1 q 1 b 1 0 x 1 0 0 1 1 0 1 1 v 1 1 1 0 1 0 0 0 p 0 w 0 0 0 0 0 0 0 0 0 0 0 p 0 0 0 0 0 0 0 0 0 b c a u y 0 s c e k 0 0 u 0 0 0 0 p 0 n 0 0 1 1 1 1 1 f 0 1 1 0 0 t 0 0 1 
1 0 v 0 x 0 0 0 u 0 0 h 0 0 v 0 c 0 0 j 0 0 l 0 0 0 d 0 0 0 0 0 0 0 0 0 0 r 0 0 0 0 0 0 o k 0 0 0 0 q k 0 0 c k i m 0 0 0 f 0 v 1 1 k 0 0 1 0 1 1 0 1 1 0 1 1 1 0 0 1 0 1 0 w 0 i 0 v 0 0 0 v g 0 0 1 
1 0 h 1 0 x 0 0 0 f s v 0 0 0 0 c e 1 1 0 h v 0 1 1 0 1 1 0 1 0 p 0 a b 0 0 0 0 0 j 0 b 1 0 0 0 0 0 e 0 d u b 0 q 0 0 0 0 0 0 f 0 0 0 0 0 0 0 b 0 0 0 j 0 1 1 1 0 b 1 0 1 1 1 1 1 c g 0 0 q 0 0 0 m 1 
1 0 0 0 0 o z 0 0 0 0 0 x 0 f 0 0 l 0 0 0 0 0 i 0 0 0 r 0 n 0 u 0 0 0 0 0 0 0 e 0 0 0 y 0 0 v 0 r j 1 0 0 x 1 1 1 0 0 1 1 0 1 n 1 1 0 1 0 g 0 1 1 0 1 1 0 1 1 1 n 0 x 0 g 0 b b 0 0 0 0 z 0 g 0 1 0 1 
1 1 r 1 0 0 d 0 0 m 0 x 1 1 1 0 1 0 0 i 0 0 0 0 0 p l z w 0 y 0 0 0 0 0 0 0 0 0 0 0 f 0 0 0 0 0 0 e 0 i a 0 0 s 0 0 0 0 a 0 0 v 0 m j 0 0 h 0 j 0 0 0 0 0 t s 0 0 0 x 0 0 r 0 1 1 f 0 1 x q 0 o 1 a 1 
1 1 d 1 j 0 0 0 0 0 g 0 1 1 1 0 1 f 1 1 0 p 0 0 1 1 0 1 1 0 1 1 1 0 1 0 0 1 0 0 1 1 1 1 1 0 0 0 1 1 1 0 0 d 1 1 1 0 i 0 0 0 a 0 x 0 0 e 0 0 0 0 g 0 l x l 0 x 0 0 0 0 t x 0 1 1 1 z e 1 0 0 0 o 1 0 1 
1 1 0 1 0 g 0 0 u 0 0 0 0 0 0 a n 0 p 0 g 0 0 h y 0 p p r 0 0 0 0 0 e 0 0 0 0 0 o s o 0 s a 0 0 0 0 0 0 0 0 0 0 0 p u 0 0 d k 0 0 0 b y 0 y 0 0 l 0 0 b 0 0 0 0 0 0 0 f 0 0 0 k b 0 0 0 0 0 r k p 0 c 
1 1 0 1 0 1 d x 0 j 0 p 0 0 g e 0 0 e 0 0 0 o 0 1 1 0 1 1 0 1 1 1 0 1 0 0 1 0 0 1 1 1 1 1 t 0 0 1 1 1 0 0 j 1 1 1 0 1 1 1 0 1 0 1 0 0 0 0 w 0 1 1 0 1 1 c 1 1 1 0 0 1 0 1 0 1 1 1 d 0 1 0 1 y 0 1 a 1 
1 1 e 0 0 0 0 0 x 0 0 q 0 q 0 w 0 0 0 s 0 0 b 0 0 0 0 0 y 0 0 0 0 0 0 0 i 0 0 s 0 i 0 l 0 k 0 e 0 c s 0 0 0 t 0 0 0 0 v s 0 0 i 0 0 0 0 0 0 0 e 1 b 1 1 t 1 1 1 g x 1 a 1 t 1 1 1 h 0 1 t 1 0 0 1 0 1 
0 0 0 e 0 0 y 0 0 0 0 0 a k 0 0 z 0 0 0 b 0 a 0 0 0 z 0 0 0 0 0 x 0 0 a 0 q t 0 h 0 0 0 0 0 0 0 0 0 0 0 h 0 b 0 0 0 0 0 a 0 v 0 0 0 0 u s 0 m 1 1 0 1 1 1 1 1 1 0 s v 0 1 0 1 1 1 0 m 1 0 1 j p 1 0 1 
1 1 1 1 0 1 0 0 0 0 0 k 1 1 1 1 0 0 e 0 0 0 0 0 0 0 0 c 0 m n 0 0 o 0 0 0 n y 0 0 0 1 1 1 n 0 0 1 1 0 0 0 0 1 1 1 0 1 1 1 0 1 0 1 v 0 0 1 0 0 1 1 m 1 1 1 1 1 1 0 c 1 0 1 0 1 1 1 t 0 1 q 1 0 0 1 o 1 
1 1 0 0 0 0 0 0 0 0 0 n 0 n 0 0 0 0 l 0 0 0 j 0 0 t 0 0 0 0 0 0 w 0 0 0 0 0 x 0 0 0 f p 0 0 0 v v 0 k z 0 0 l 1 1 c 1 1 1 0 1 m 0 0 0 0 k c u 0 s 0 1 1 1 1 1 1 0 0 1 d 1 z 1 1 1 h h 1 n 0 0 0 h 0 1 
1 0 j 0 k 0 0 0 0 0 0 0 0 0 0 0 g p 0 0 u 0 0 i 0 0 r 0 0 u 0 f 0 t 0 0 m 0 0 0 0 0 0 l 0 0 z 0 0 0 k 0 0 0 0 e 0 0 0 0 0 0 0 0 w 0 r 0 0 0 g 0 i 0 0 y 0 0 0 0 0 0 1 0 1 g 1 1 n 0 0 1 0 1 1 0 1 0 1 
1 i m 1 0 0 0 v v 0 1 0 1 1 1 1 1 0 1 1 0 1 1 0 1 1 1 1 1 1 g i 0 0 0 0 0 0 0 0 n 0 0 0 g 0 0 c 0 0 0 0 0 0 1 f f x 0 0 0 n 0 0 0 0 0 0 0 r f d 0 0 h 0 0 0 0 0 0 0 b 0 0 0 0 q c 0 p 0 x 0 0 g 0 0 1 
0 a k d g w i 0 0 0 1 t 1 1 1 1 1 0 1 1 x 1 1 q 1 1 1 d 1 1 1 1 1 1 1 0 0 1 k 0 1 1 1 1 1 1 0 g 1 1 d 0 l f 1 1 1 0 1 1 1 0 1 0 x 0 0 0 1 w b 0 u 0 0 0 0 0 0 0 0 0 i g t 0 p 0 0 0 s 0 0 1 1 0 1 h 1 
1 0 1 f 0 p 0 y 0 y 0 0 y 0 0 0 r 0 0 0 0 0 0 0 0 q 0 0 0 0 d u 0 0 0 0 0 0 0 0 0 i 0 0 0 0 0 0 p 0 j 0 0 0 0 0 x 0 q q 0 0 0 0 0 0 n 1 1 0 0 1 1 0 1 1 1 1 1 1 1 1 1 0 0 i 0 0 b 0 0 1 0 b y y 0 0 1 
1 1 0 0 0 0 q b 0 0 0 u z 0 0 0 l 0 r l 0 0 0 0 x 0 0 u 0 q 0 0 0 0 0 0 v 0 0 0 0 m 0 0 y w 0 0 0 0 0 0 0 0 0 s 0 j 0 0 0 j 0 0 0 k i 0 o 0 0 a 0 0 m a 1 1 1 1 1 1 1 0 1 b 1 g 0 0 1 1 p 1 1 h 1 0 1 
1 1 1 0 0 i x 0 0 u 0 0 0 0 0 n 0 0 0 a j 0 0 m g o 0 0 a 0 0 0 i 0 t p 0 t 0 0 0 0 x w 0 i w 0 r 0 u p 0 q 0 0 g i 0 0 0 0 0 0 0 n 0 0 m 0 e 1 1 1 p 0 0 x 1 1 1 1 1 p 1 0 1 1 1 n 1 1 0 1 1 j 1 0 1 
1 1 1 r 1 1 0 a 1 0 l 0 1 1 1 1 1 0 j 0 r 1 1 0 1 1 0 1 1 1 1 1 1 1 1 0 0 1 0 1 1 1 1 1 0 1 0 1 1 1 j 1 v l 1 1 1 1 1 1 1 0 1 s 1 1 0 1 1 1 0 1 1 1 l k 1 1 1 1 1 1 1 0 1 1 1 1 1 0 1 1 0 1 1 0 1 1 1 
1 1 c 0 1 1 1 0 1 0 e 0 w 0 z h 1 0 0 r 0 0 j 0 y 0 0 0 0 c c f 0 0 0 0 0 k 0 0 x 0 c 0 i 1 1 1 1 1 1 1 0 0 1 1 1 1 1 1 1 0 1 k 1 1 0 1 1 1 1 1 1 1 0 z 1 1 e 1 u 0 x w 0 0 0 0 0 u 1 1 0 1 1 0 1 1 1 
1 1 0 0 1 1 1 0 1 1 1 0 1 1 0 1 1 m 1 1 0 1 0 0 0 0 0 t 0 0 0 o 0 0 0 0 0 p 0 l d 0 t 0 0 0 0 0 0 0 0 f 0 v 0 s f 0 0 0 0 0 0 y 0 0 0 y 0 0 0 0 j 0 0 0 1 1 z 1 1 1 1 1 1 1 1 1 1 1 1 1 1 1 1 0 1 1 1 
1 1 v p 1 1 1 0 1 1 1 w 1 1 0 1 1 0 1 1 1 1 1 0 1 1 0 1 1 1 1 1 1 1 1 j g 1 1 1 1 1 1 1 1 1 1 1 1 1 1 1 0 0 1 1 1 1 1 1 1 r 1 x 1 1 1 1 1 1 1 1 1 1 1 1 1 1 1 1 1 1 1 1 1 1 1 1 1 0 b q 0 h 0 0 1 1 1 
1 1 0 q 1 1 1 0 1 1 1 0 1 1 0 1 1 1 1 1 1 1 1 t 1 1 0 0 o q u s 0 0 0 0 0 v 0 x 0 j m p 0 y k k v 0 0 0 0 0 0 0 k 0 0 g 0 0 0 0 t g 0 b 0 0 0 0 1 1 1 1 1 1 1 1 1 1 1 1 1 1 1 1 1 1 1 1 1 1 1 z 1 1 1 
1 1 0 1 1 1 1 0 1 1 1 1 0 0 h 0 i v s j 0 p 0 0 u q e 0 e 0 0 0 0 0 0 0 0 q h 0 0 0 0 0 0 0 0 0 h 0 0 g 0 0 a 0 0 0 0 0 0 0 0 0 0 d d 0 y 0 u 0 0 j p 0 0 t 0 i 0 0 0 0 0 0 0 0 d 0 i f 0 0 0 g 0 o 0 
supercalifragilisticexpialidocious
