150 150
1 0 1 1 1 1 1 1 1 0 c 1 1 s c s 0 y 0 0 0 0 b c 0 1 1 1 1 1 1 1 1 1 1 1 1 1 1 0 1 1 1 1 1 1 1 1 1 1 1 1 1 1 p 1 1 1 1 1 1 1 1 1 1 1 1 q 1 1 1 1 1 1 1 1 1 1 1 1 1 0 i 0 v c v 0 q o 0 0 0 r 0 0 s c 0 0 w 0 a w 0 c 0 0 0 0 0 g 1 1 1 0 1 1 1 1 1 1 1 1 1 1 1 1 1 1 1 0 1 1 1 1 1 1 1 1 1 1 1 1 1 1 1 0 1 1 
1 0 w 0 0 b 0 1 1 0 0 1 1 x j 0 0 n 0 0 0 0 0 0 0 o z z i s 0 0 a v 0 0 0 0 0 0 0 0 0 o 0 0 0 z 0 x 0 0 0 0 r 0 0 n a 0 u 0 l 0 0 0 v f 0 0 0 f 0 k 0 0 0 f 0 0 l 0 0 x c k 0 0 0 0 0 x 0 0 0 0 0 0 y 0 0 0 0 0 0 0 f 1 1 k 1 1 1 1 0 0 t 0 0 b 0 s 1 1 1 1 1 1 1 1 1 0 1 m 1 1 1 s 1 1 1 1 1 1 1 1 1 k 1 1 
1 0 1 1 1 1 0 0 0 0 f 0 q 0 0 c 0 0 0 t 0 0 0 0 0 0 0 0 0 0 p 0 0 0 t 0 0 j 0 m 0 0 0 0 a 0 v h 0 e 1 1 1 1 0 1 n 0 0 k g 0 0 k 0 0 0 u 0 z 0 0 0 0 0 m t r 0 0 0 a 0 0 0 p 0 0 0 0 0 0 0 v 0 0 0 0 w w 0 0 t k v 0 0 0 0 0 0 0 b 0 0 i 0 0 d h f h 0 0 d 0 0 0 0 c 0 l 0 g 0 0 a m 0 0 n 0 0 l c p 0 0 0 1 
1 s 1 1 1 1 1 1 1 0 0 1 1 0 0 v a 0 0 o r n 0 0 0 0 k 0 0 0 0 0 0 g 0 0 0 0 g r 0 0 g f 0 0 0 0 x 0 0 0 x v q 0 0 z 0 0 0 0 0 0 e 0 0 0 q x 0 p 0 0 0 0 0 0 0 i e 0 0 a 0 0 0 0 0 0 0 h 0 0 0 0 0 0 0 0 0 b 0 s 0 t 0 r b 0 0 0 0 0 q 0 0 0 0 c 0 0 0 0 j u i 0 w 1 1 0 1 o 1 1 1 1 1 1 1 1 1 1 1 n 1 0 1 1 
1 0 0 0 0 a 0 0 0 0 0 1 1 1 1 0 0 y 0 0 0 0 0 0 0 0 r 0 0 0 j 0 0 0 0 0 0 0 0 p 0 0 0 j q w u 0 f 0 k 0 0 z z 0 0 0 0 0 0 0 0 b 0 0 0 d 0 0 0 0 0 0 a 0 0 g 0 0 0 0 0 0 q 0 t 0 f 0 l 0 0 0 y z 0 0 0 0 0 0 0 g 0 i e i k v 0 n 0 i l 0 u 0 h 0 r 1 0 1 0 1 1 1 1 1 1 0 1 w 1 1 1 0 1 1 1 1 1 1 1 e 1 u 1 1 
1 0 1 a 1 1 1 1 1 0 0 1 1 1 1 0 1 0 1 0 1 1 0 1 1 l 1 1 0 1 0 1 1 1 0 1 1 1 1 0 b 1 1 1 1 1 0 1 0 1 1 0 1 1 1 1 1 1 0 1 1 0 0 q 0 w 0 v v t z x 1 1 1 1 1 1 1 0 1 1 0 0 c 0 0 0 0 0 0 0 0 k 0 0 0 0 0 0 e 0 0 u 0 0 0 0 0 0 0 p 0 j 0 0 0 0 0 0 0 c h 0 z 0 0 0 0 u 0 h 0 0 0 s e 0 0 q 0 1 l 1 1 u 1 a 1 0 
u 0 0 j l 1 1 1 1 k 0 1 0 1 1 0 1 0 1 i 1 1 g 1 1 0 1 1 u 0 a 0 n n 0 0 r 0 k 0 f 0 n 0 1 0 0 0 0 m 0 0 0 0 0 0 0 a 0 0 0 r 0 0 0 0 p 0 0 s i l 0 c 0 0 o 0 c 0 0 o 0 0 0 i 0 0 i s 1 0 0 a p v 0 d 0 h 0 0 0 w b 0 k 0 0 0 0 0 0 f 0 u 0 d 0 c 0 q i 0 0 0 0 w 0 0 i t 0 c 0 0 0 d 0 0 0 0 0 1 1 m 1 c w n 
1 0 1 0 1 1 1 1 1 0 s 1 0 w n 0 0 a 1 0 1 1 0 1 1 0 1 1 s 1 z 1 1 0 0 h a x 0 0 s f 0 0 v 0 0 1 l 1 1 0 1 1 1 1 1 1 k 1 1 y i 0 0 0 0 g 0 0 0 0 w 0 0 j 0 0 0 u n 0 t 0 0 0 0 0 0 0 0 q d q 0 0 0 0 0 0 0 u j z 1 0 0 0 0 x 1 g 1 1 0 0 0 j 1 0 1 i 1 1 1 d 1 1 0 1 1 0 0 0 0 x 0 0 d 0 0 s 0 1 1 o 1 0 0 0 
1 t 1 l 1 1 1 1 1 e 0 1 0 1 1 0 x 0 1 0 0 1 0 1 1 0 1 1 0 1 a 1 1 0 d 1 0 1 1 1 y 1 1 1 1 1 0 1 0 m 0 0 0 0 0 k 0 w 0 1 1 0 1 1 1 1 0 0 1 0 1 0 1 1 1 1 1 1 1 a 1 1 h 0 1 1 1 1 1 1 1 1 0 0 o z 0 1 1 j 0 t s 0 1 0 g z 0 0 1 0 1 0 0 0 0 n 0 0 p 0 w 0 0 0 1 1 0 1 1 t 1 1 1 1 1 0 1 1 0 1 0 1 1 n 0 0 0 0 
1 0 1 k 1 1 1 1 1 0 0 1 h 1 0 u 0 0 1 m f 1 0 1 1 b 1 m 0 1 1 1 1 0 s q v 0 0 g 0 0 0 0 0 0 i 0 0 0 n 0 0 0 b 0 d 0 0 0 0 0 a 0 0 0 0 0 0 0 0 0 0 0 0 u 0 0 0 0 0 0 n 0 0 d c h e 0 0 0 0 u 0 s 0 0 0 0 0 0 0 o 1 0 0 0 0 0 0 0 k j 0 0 0 0 0 0 1 1 1 i 1 0 1 1 o 1 1 c 1 1 1 1 1 0 1 1 0 1 0 o d 0 0 v c 0 
1 0 0 0 0 m o n o 0 0 0 0 a m 0 0 r o 0 c 0 0 0 c s 0 l 0 0 o v 0 0 c a 0 o c 0 n i o 0 i s 1 g g d 0 0 q z v k 0 0 0 0 0 j 0 0 0 t 0 c 0 0 0 0 0 n p p n 0 0 0 0 0 0 x 0 j x b 0 0 0 0 0 0 r 0 0 0 0 0 0 r 0 0 m 0 0 0 0 0 0 0 r 0 0 0 0 0 0 0 j 0 0 e 0 0 0 o l 0 0 0 0 0 0 0 0 0 0 0 e 0 0 n 0 u 0 0 0 0 
1 0 1 0 1 1 h 1 1 0 0 1 l 1 0 0 0 r 1 e 0 1 0 1 1 k 1 l o 1 1 1 1 0 0 1 l 1 1 1 0 0 z q 0 0 0 m 0 0 0 0 0 a 0 0 0 0 0 o c 0 o y z 0 0 h 1 u 1 1 0 1 1 1 1 q 1 0 1 1 0 0 1 0 1 1 0 0 1 n 0 0 0 0 q 0 0 0 n 0 0 0 0 0 y 0 0 0 d 0 0 g f 0 0 m 0 q d 0 o j 0 0 q q 0 l 0 0 i 0 n 0 0 0 p y w 0 0 0 0 l k 0 0 m 
1 0 0 n 0 0 0 r 0 0 0 0 0 0 b 0 0 0 q n r 0 z 0 0 b 0 k e j t 0 0 0 y 0 0 0 u v t m 0 0 0 0 l 0 0 j 0 0 y 0 0 c u 0 0 a z 0 o 0 0 0 0 0 0 0 b 0 p m 0 0 0 k 0 0 0 0 m u 0 a 0 0 0 0 0 0 0 0 m z 0 0 0 j 0 a 0 0 g r 0 x 0 n 0 e 0 w 0 p n n 0 q 0 0 0 0 0 0 0 m f 0 0 0 0 0 0 o 0 0 1 1 t 1 0 1 0 t w 0 0 z 
1 n 1 0 1 1 1 q 1 0 p 0 0 1 c 0 d l m c 0 0 0 j 0 0 0 i 0 0 x 0 q 0 0 0 c 0 q 0 k 0 0 y 0 z 0 0 0 0 0 0 0 0 0 x g 0 b 0 0 0 c 0 0 0 l t 0 i 0 0 v 0 r b 0 0 0 0 0 0 0 w 0 0 0 r 0 0 0 0 m 0 0 0 p 0 0 0 0 0 o i j w 1 0 x s 1 u 1 1 d 0 0 1 1 0 0 1 1 0 1 m 1 1 0 1 1 0 0 1 0 1 1 w 1 0 0 t i 0 0 0 0 n 0 0 
1 0 1 0 0 1 1 0 1 0 0 u 0 1 0 v 0 l 0 x 0 0 0 s 0 0 0 0 0 0 q 0 0 g 0 g 0 0 0 h 0 0 0 v l e j q 0 0 0 0 0 0 m p 0 k 0 0 0 0 0 0 l 0 0 0 0 0 0 k b j 0 a 0 0 0 0 0 h q 0 0 0 i 0 m h 0 1 n 0 0 0 0 1 0 0 0 0 j s 0 0 x y g 0 0 g z 0 0 0 0 0 0 0 0 0 x 0 1 0 0 1 l 1 1 y 0 1 0 1 1 0 p 1 0 1 0 1 0 a m 0 0 0 
1 0 1 0 0 1 1 0 s 0 0 0 m b 0 0 0 0 0 s 0 l 0 v 0 0 0 0 0 0 w l f 0 0 q 0 0 0 n 0 0 0 v 0 v 0 0 0 0 n 0 0 0 0 0 0 0 0 v l k 0 u 0 0 0 x s 0 z 0 0 0 q 0 0 0 0 e 0 0 0 0 0 0 0 0 d w 0 0 o r 0 p 0 0 c 0 0 0 n 0 s w 0 0 0 d 0 e t 0 0 0 v o 0 l 0 0 0 w n 0 0 0 0 z 0 r 0 l u q 0 0 y q e n 0 1 l m 0 0 0 0 
1 0 1 0 0 v 0 0 b 0 t 0 0 0 0 0 0 0 0 0 0 0 0 0 0 0 0 i q g c a g 0 0 0 h 0 u j 0 0 0 0 0 o 0 0 o v k e 0 0 0 0 0 h 0 0 o 0 0 l 0 0 0 0 k 0 m 0 j 0 0 0 s l 0 0 0 0 g 0 0 0 0 0 0 0 0 n 0 0 0 p j 0 0 d c 0 g 0 j 0 1 0 0 l 1 0 1 1 1 v 0 1 0 0 0 r 0 0 0 0 0 n g 0 0 0 0 0 0 1 1 0 0 1 0 1 1 1 0 i 0 a r 0 
1 0 s 0 j 0 0 n h 0 0 0 0 0 0 0 0 0 g 0 0 o 0 0 0 0 t 0 0 0 j h 0 0 0 a p 0 0 0 0 y 0 0 0 0 0 0 b j 0 0 0 0 0 0 i 0 0 r t 0 b 0 0 o 0 0 0 0 0 0 0 0 0 0 0 0 0 v 0 0 0 y x d 0 f 0 a 0 0 q 0 s 0 0 0 0 0 z 0 0 0 0 0 0 0 0 h 1 0 1 1 1 w 0 1 v 1 x 1 1 e 1 1 0 1 0 1 1 e 0 1 0 1 1 0 o 1 e m 1 1 s c n c 0 x 
1 c 1 0 a h 1 0 1 0 0 0 0 1 0 0 0 0 1 0 0 1 0 f 0 0 1 0 0 0 0 0 0 0 m b h 0 0 0 0 0 0 1 0 f 1 1 0 l 1 0 0 1 1 1 0 1 k a 0 0 1 1 0 m 1 0 0 0 0 g 0 0 g l 0 0 l 0 0 0 0 0 l 0 0 0 0 0 0 0 o 0 m 0 0 0 0 0 1 0 0 0 k 0 u 0 n 0 1 0 1 1 1 m k 0 0 1 0 1 1 0 1 1 0 1 g 1 1 0 0 1 0 1 h 0 0 1 0 1 1 1 0 r 0 0 0 0 
1 0 l l 0 0 h 0 n 0 0 0 0 s i p 0 0 0 w 0 0 0 0 0 0 0 y n 0 0 r 0 s 0 o 0 l 0 0 0 0 0 0 0 k 0 0 0 p 1 0 0 1 1 1 0 1 0 0 0 0 y z 0 0 0 q 0 0 0 x 0 a 1 1 0 o 0 0 0 1 y 0 1 0 1 l 0 f m 0 0 g 0 s 0 0 0 0 0 0 0 0 s 0 m s 0 0 x p 0 0 0 0 0 0 0 0 0 0 y 0 0 0 0 0 0 0 z z 0 t 0 f 0 0 0 w 0 0 0 t 0 o 0 c 0 s 
1 h 1 0 0 1 1 0 0 a z 0 0 0 0 z 0 0 0 p 0 0 0 0 y 0 0 r 0 0 k 0 0 0 t 0 0 0 0 0 0 s m r 0 0 0 0 0 0 0 0 n 0 0 0 0 1 0 b 0 0 1 1 0 1 1 h 0 0 1 1 0 0 1 1 0 0 0 0 t 1 0 0 0 0 1 0 0 f 0 i x 0 0 0 0 1 y 0 1 0 j 0 0 l 0 y 0 o 1 v 1 1 b 1 0 0 0 j 0 0 x f 0 0 0 f 0 1 1 q t 0 g 1 0 0 x 1 0 1 1 1 h s g h 0 0 
1 0 1 0 0 1 1 t 1 0 0 0 0 0 0 0 0 g w i 0 v 0 z 0 0 0 g 0 0 0 0 u j 0 0 0 0 0 s s 0 0 w 0 0 n 0 0 0 0 s 0 0 r 0 0 0 0 0 0 g 0 0 0 0 c 0 0 0 0 n 0 p 0 q y 0 e x 0 t 0 0 0 0 w 0 z l 0 0 0 0 0 b 0 0 0 w p v g e s 0 0 0 0 0 y d e 0 q 0 0 0 q q 0 d 0 0 0 0 0 0 0 0 a d 0 g 0 u b i 0 0 0 0 d u 0 c c g 0 0 
0 0 1 w t 1 1 0 1 t 0 e 0 0 0 0 0 0 0 0 0 h 0 0 f 0 0 h m c 0 0 0 0 n v 0 0 z 0 d 0 0 d u 0 f 0 0 0 k 0 0 g 0 z 0 0 0 n 0 t l n 0 0 0 0 0 0 0 n 0 0 0 0 i 0 j 0 p 0 0 0 0 0 0 0 0 0 0 0 q 0 0 n 0 0 m p 0 v y 0 0 0 0 e 0 0 y p 0 0 0 n 0 0 m 0 0 0 b 0 y 0 0 0 0 m g 0 0 0 y 0 0 e 0 0 0 0 0 x 0 o 0 0 0 k 
0 0 1 0 i 1 1 0 1 0 0 0 0 1 1 k 0 z 0 l 0 1 0 0 h 1 1 0 s 1 1 1 1 0 g 1 0 r 0 1 1 0 0 1 0 w 0 0 0 0 0 g 0 0 0 k 0 0 0 a u a 0 0 h 0 0 0 0 0 0 0 0 0 f 0 0 0 0 d 0 0 b 0 0 u a 0 p 0 h 0 0 0 0 q 0 b 0 a 0 0 0 0 0 0 l y 0 j m 0 0 0 m t i 0 0 0 i 0 0 0 0 c o 0 0 g 0 0 d 0 0 1 0 0 1 1 c 0 1 1 0 p o 0 u 0 
q x 0 0 n t s 0 j 0 0 0 0 0 n 0 0 o t 0 u v 0 0 e 0 0 g z 0 0 0 0 0 e 0 0 0 m s 0 0 0 0 0 0 0 j 0 0 0 w p 0 0 v p 0 m 0 0 d 0 x 0 f 0 0 0 0 0 0 0 0 d 0 0 0 r 0 0 0 0 0 0 0 0 0 0 0 0 0 0 0 0 0 0 0 0 n 0 b 0 0 l 0 0 0 l 0 1 o 1 1 0 0 0 w w a u 0 0 0 0 0 0 j 0 0 l i 0 0 l 1 0 0 1 1 0 l 1 1 0 i 0 i z s 
x 0 1 0 v 1 1 0 1 0 0 0 0 1 1 0 q 0 0 0 i 0 0 0 0 0 0 0 m 0 h e 0 0 0 s h u l 0 l 0 0 g 0 0 t 0 r 0 0 0 0 0 0 0 0 0 0 0 p 0 0 0 0 0 0 0 d m 0 0 0 0 0 0 h n a 0 l x j 0 0 0 z 0 0 h 0 0 m 0 k 0 0 0 0 a c t 0 0 0 0 0 0 0 0 1 0 1 1 0 0 c 0 0 0 0 x 0 0 0 v i 0 r 0 0 0 0 g 0 0 a y f 0 g 0 0 0 q c 0 f 0 0 
j 0 1 0 c 1 1 0 0 0 l e 0 0 0 r 0 m 0 g y 0 l 0 0 0 0 0 0 q 0 0 0 0 q 0 0 0 0 h 0 0 a c 0 0 0 0 0 0 0 0 0 0 y e 0 0 0 0 f r n g 0 r 0 0 0 0 g 0 h 0 u a 0 y 0 r x 0 0 y p 0 i v 0 0 0 0 f 0 0 0 0 0 0 0 0 w 0 b 0 0 0 0 k 0 0 0 0 0 0 n 0 g 0 p 0 0 0 0 0 i 0 0 y 0 1 0 x a 0 1 0 0 1 1 0 0 1 1 p 0 0 0 0 0 
w 0 0 q y 0 0 g 0 0 0 0 g 0 0 0 0 0 a 0 l 0 0 0 k a s 0 0 0 0 q j 0 k 0 0 0 0 q 0 0 0 0 z 0 0 0 0 0 0 s 0 0 0 0 0 0 0 s 0 f s 0 0 0 0 0 0 0 0 0 0 0 0 v 0 0 0 0 0 h z c 0 0 v 0 v 0 0 g 0 0 0 0 0 0 w 0 q 0 f 0 0 0 w 0 r q p 0 v 0 m 0 0 c 0 0 0 0 0 0 y 0 0 l e w 0 0 0 0 0 0 0 j 0 0 p 0 0 q k 0 0 0 c x 
0 0 1 v 0 0 0 0 0 m 0 0 u c 0 y a e a 0 0 y 0 0 a u 0 d 0 0 0 0 h 0 c 0 0 m 0 0 b 0 0 c y 0 0 0 0 0 0 0 0 0 i t 0 0 v 0 0 0 0 0 0 0 r 0 0 0 0 a w f 0 0 0 x 0 u 0 b m e 0 r 0 i 0 0 0 0 d f 0 0 c 0 0 0 0 0 l 0 0 0 0 s 0 s 0 0 s 0 g 0 o 0 d 0 0 1 0 0 0 f 1 0 r 0 y 0 0 i 0 x 0 0 0 0 0 0 0 0 0 l 0 k 0 0 
p 0 1 h f 1 1 0 0 0 q e 0 1 1 0 0 0 1 0 0 0 0 0 0 0 0 0 k 0 g 0 0 0 0 0 r 0 0 0 0 x 0 w 0 g 0 0 b c 0 0 0 0 0 0 0 0 0 w 0 0 x 0 0 0 d q 0 0 o 0 a q d a 0 0 0 m u 0 0 d k 0 z 0 b 0 0 0 0 0 v 0 0 0 c 0 0 i e 0 u b g 0 0 f 0 h 0 0 h 0 0 0 0 0 e 0 0 z 0 0 0 z 0 0 x 0 0 0 0 1 0 0 1 1 0 0 1 1 0 i 0 s 0 o 
0 0 1 0 h 1 1 0 0 0 0 d 0 1 1 l 0 0 1 d 0 0 0 n 0 0 0 m m 0 0 0 0 e 0 0 u 0 n l 0 0 0 0 e 0 0 0 n 0 j 0 0 0 0 0 v 0 0 0 0 d 0 z 0 0 0 e 0 c c j b g 0 0 0 j 0 0 n 0 d h 0 0 d 0 0 0 i 0 b 0 a y 0 0 0 k 0 0 0 0 0 0 0 0 0 l o t 0 0 0 0 k 0 o 0 0 0 0 0 0 t 0 0 0 0 0 v 0 m 0 c 0 0 0 a 0 0 0 0 f c m 0 0 0 
q e 1 e 0 1 1 e t 0 0 h z 1 1 0 0 z a 0 0 0 0 0 0 0 0 0 t l 0 0 0 0 y 0 0 s 0 0 0 w i 0 0 0 0 0 0 l 0 0 f q s o 0 f 0 0 0 p 0 h 0 b 0 0 0 0 0 0 0 0 v 0 0 0 0 0 o 0 0 0 0 m 0 0 0 0 0 0 l t 0 0 n 0 q 0 0 x o i 0 0 0 0 0 0 0 0 0 0 r e g 0 0 0 0 p r l 0 0 1 p 0 0 1 0 0 g o 1 m q 0 1 0 e 1 1 0 o 0 i 0 0 
0 0 0 0 0 0 0 0 0 w 0 0 0 a 0 0 0 k 0 b 0 0 0 0 p 0 q 0 0 0 0 0 0 0 0 0 n v c 0 0 b 0 s m 0 0 0 0 0 s 0 0 0 0 0 0 0 0 0 0 b 0 0 0 0 0 p 0 0 0 0 0 0 w 0 0 0 a y 0 s 0 0 f j u m 0 0 0 0 v 0 n h 0 0 0 x 0 0 q 0 0 f 0 0 0 o 0 0 0 r v g 0 0 0 z 0 e 0 0 0 0 0 b 0 0 v 0 f 0 0 r 0 0 0 0 0 0 1 1 0 v 0 0 0 0 
0 t 1 0 0 1 1 0 0 0 0 s 0 0 0 s 0 d 0 0 0 0 0 0 h n c 0 k 0 0 0 0 0 0 a 0 0 0 1 1 w 0 1 i 1 0 0 r q 1 0 j 0 0 1 0 0 0 0 0 0 0 v 0 0 0 0 x 0 0 0 0 h 0 o j 0 0 s 0 0 g 0 w o 0 0 0 s r 0 s j l e u j n 0 0 d v c 0 0 0 v 0 0 0 0 0 0 g e b 0 a e 0 0 0 0 a 0 0 0 0 0 0 0 0 0 0 l f 0 j b q 0 q 0 p o 0 v 0 a 
y 0 0 0 l 0 e 0 0 0 x 0 c 0 0 0 0 0 0 r 0 0 0 0 z 0 0 0 0 0 k u 0 o 0 0 0 0 0 0 y u 0 o 0 w 0 v 0 0 0 0 l q 0 0 0 0 t 0 q 0 k 0 0 0 c 0 0 0 0 0 z 0 e 0 0 q 0 0 0 0 0 0 r x 0 t 0 0 p 0 0 0 0 0 0 0 0 0 0 0 0 0 0 0 x e 0 0 0 0 0 0 0 n 0 0 0 0 0 0 0 0 u 0 0 0 p 0 v 0 0 p 0 0 0 p 0 1 0 c 1 1 0 l 0 k 0 b 
j 0 0 0 0 1 1 0 0 0 0 0 0 y 0 e 0 0 r 0 z 0 0 p 0 0 0 0 0 0 0 0 j 0 s f 0 0 0 s f s 0 w 0 0 0 c u 0 0 0 0 0 o q 0 d 0 0 0 0 h 0 0 0 r 0 0 0 e 0 b 0 0 0 0 d r 0 0 0 r 0 0 0 a t v 0 e 0 0 0 0 j 0 t 0 0 0 0 r 0 0 0 a 0 0 0 l 0 0 0 0 0 0 w 0 o 0 0 0 0 0 0 0 0 1 0 1 0 j 0 0 1 0 j m 1 0 0 1 1 0 c a r 0 0 
j 0 0 0 0 0 0 0 0 c 0 0 0 0 0 0 d 0 0 0 0 0 0 0 y 0 0 f 0 g u n 0 0 0 w 0 n 0 0 0 0 0 0 d 0 c 0 g a a k 0 i 0 q 0 0 t 0 0 0 0 f w 0 0 0 0 0 0 f 0 0 0 t 0 0 0 0 0 0 0 0 0 0 0 0 0 0 0 0 0 0 w 0 z 0 0 0 b 0 0 0 0 o n 0 0 0 0 0 l 0 0 0 0 s z h c g 0 0 0 i 0 0 0 0 0 0 0 0 m i 0 0 0 0 0 n 0 1 n 0 0 0 0 0 
0 0 0 s j 0 h 0 0 0 s 0 0 y 0 0 0 0 0 0 z 0 f 0 v 0 0 0 e 0 0 g 0 0 0 0 0 0 e k 0 0 0 0 0 0 z 0 0 0 0 0 j 0 i 0 0 o 0 0 0 0 0 0 0 g 0 0 0 p 0 0 0 0 0 0 0 b 0 0 h x p l 0 0 0 f q 0 g 0 0 n p 0 0 0 0 t 0 0 0 1 0 s 0 x o 0 n 0 0 0 c n 0 0 0 0 o k 0 0 j 0 0 0 1 0 1 0 0 0 0 1 0 0 0 1 0 0 1 1 y n 0 0 0 0 
0 c 0 e d o 0 k 0 0 0 0 0 0 0 0 0 v 0 0 0 0 y 0 c 0 g 0 0 v 0 0 0 0 0 0 0 s 0 0 q l 0 0 0 a p t 0 0 i 0 0 0 0 0 0 0 s 0 0 0 0 0 0 r 0 0 0 x 0 0 d h m e 0 j 0 0 0 0 0 0 0 m p 0 0 p 0 0 0 p 0 0 0 0 0 x l 0 k s 0 0 0 0 0 0 0 0 0 0 0 0 k 0 0 0 0 p c 0 0 k 0 0 i 0 0 0 0 q 0 1 0 0 h 1 1 0 1 1 0 o 0 m 0 d 
0 s o 0 0 1 1 0 0 0 0 0 0 x e e r x 0 0 z 0 0 j 0 0 0 0 y 0 0 0 0 l 0 u 0 g 0 f 0 0 0 d 0 0 0 u c 0 0 j 0 0 0 0 0 0 w 0 0 0 0 g v v 0 0 0 i 0 0 0 q 0 0 z p 0 n 0 0 e 0 0 0 v 0 0 0 0 0 0 0 0 0 x 0 0 0 0 0 0 z b a 0 0 x m v 0 0 f 0 0 i 0 h 0 0 0 b 0 0 0 0 0 v x 0 0 0 m 0 r x 0 0 0 0 0 0 0 0 c a y p 0 
0 r p x i 1 a a l 0 w 0 r 0 0 0 u y g 0 0 o z 0 0 0 0 0 0 0 0 0 0 c 0 0 0 0 0 0 0 0 0 0 0 l z 0 v 0 0 0 0 0 g 0 0 0 0 s 0 0 v 0 0 0 0 0 0 0 0 0 k 0 0 0 0 0 0 y 0 0 s 0 0 0 0 0 0 o 0 s e 0 q 0 0 z f 0 k 0 0 0 0 0 0 0 0 0 0 0 0 0 0 t b 0 c 0 0 0 0 0 0 d 0 0 0 f 0 0 y 0 i 0 0 0 0 1 1 0 1 1 0 0 0 0 0 0 
0 0 h e 0 1 a 0 i 1 0 p o 0 0 0 0 0 p a 0 e e p 0 0 0 0 0 f 0 u 0 0 0 0 0 x 0 z h 0 0 c 0 0 0 0 n z p p 0 0 e 0 0 0 0 0 0 d 0 0 y 0 0 0 s 0 0 x z 0 0 0 0 0 0 0 0 0 0 d l 0 m 0 0 0 0 v k 0 0 0 0 0 i o 0 0 0 y 0 q s j 0 0 0 0 0 0 0 e 0 0 k 0 y 0 0 w a 0 0 0 0 0 u 0 j s v 0 0 0 y 1 1 0 1 1 0 0 0 w 0 p 
0 0 a 0 0 1 v 0 0 1 0 f 0 0 1 s 0 0 0 0 l 0 0 0 0 l 0 0 0 0 1 0 0 v w 0 0 0 0 n 0 n z i 0 f s t 0 0 0 x 0 0 0 d y e 0 0 0 0 0 0 0 y 0 0 0 0 j b 0 0 x 0 0 0 1 0 d s 0 0 0 z 0 0 0 i b 0 0 0 0 0 0 1 0 0 0 0 0 q 0 k 0 g 0 0 0 y 0 0 0 0 0 m k k f 0 0 0 v 0 0 0 y z 0 0 0 0 0 0 0 0 k r 0 0 0 0 0 i 0 0 0 0 
d c 0 0 0 1 0 0 b 1 0 e 0 0 1 0 0 v e 0 0 0 0 c 0 0 0 0 0 0 1 0 0 w 0 0 0 i 0 0 q 0 0 0 r 0 0 0 0 0 0 0 g 0 0 s 0 0 w 0 0 o 0 s 0 0 q 0 0 0 q 0 0 0 0 0 u 0 0 d v e 0 0 c 0 0 0 g 0 0 0 0 0 n 0 0 0 0 0 0 0 0 0 0 e o 0 0 j 0 a 0 0 0 k 0 v 0 0 0 l 0 0 0 0 t 0 0 0 0 a g t i 0 x 0 g 0 0 0 0 0 0 o 0 0 0 x 
x 0 i y g s 0 0 0 0 0 0 0 i z w 0 0 r o 0 m 0 q 0 0 0 0 0 0 0 0 0 w 0 0 j 0 0 0 h 0 0 y 0 0 0 0 s 0 0 e c 0 0 0 p 0 0 z 0 x 0 j 0 d b 0 0 0 0 0 0 0 n 1 0 0 1 s b 0 0 m 0 a 0 0 e 0 0 0 0 0 0 0 0 1 0 s i 0 0 a 0 0 h 0 x 0 0 0 r 0 0 u o a 0 q v 0 0 0 0 0 0 0 0 0 0 a y n a d 0 o 0 m c 0 1 1 1 0 0 0 0 0 
0 0 0 0 0 1 1 0 e 1 0 t 0 i 1 0 0 0 0 1 0 z 0 x 0 0 0 v 0 t 1 0 g 1 0 0 1 t 0 1 h x 0 1 1 1 o 0 0 m 0 0 0 0 0 1 1 0 0 0 0 0 1 u 0 n t 0 0 0 0 0 0 0 0 1 0 0 1 0 0 u c 0 0 0 0 a 0 k 0 0 0 0 v 0 0 1 0 0 0 0 d r e s 0 0 0 0 0 0 0 k 0 0 0 0 0 0 0 0 w i 1 0 v 0 1 0 1 0 0 t g 1 l 0 0 0 p 0 g d 0 0 0 0 0 0 
0 i 0 0 0 1 1 v 0 y k v 0 0 0 x 0 0 0 0 0 0 r 0 0 0 0 0 0 0 j 0 r s 0 0 u 0 0 0 0 0 a 0 0 0 n c x 0 s o s 0 0 1 1 0 0 0 b w 1 0 j 0 0 0 0 c x 0 0 0 0 1 0 0 0 0 a 0 0 0 0 0 0 0 0 0 h 0 0 0 0 g 0 0 0 0 z 0 0 0 h p 0 0 k r 0 0 0 0 k f 0 0 j v 0 0 0 0 0 0 w 0 y k 0 0 0 0 0 0 0 0 0 0 0 l 0 v a s 0 0 0 0 
0 0 0 0 n 1 0 0 0 1 p x 0 0 1 0 j o d 0 0 0 0 0 f 0 q h 0 0 m q 0 0 x 0 0 0 0 0 0 0 o 1 1 1 0 0 z a 0 0 0 0 s 1 1 0 1 g w 0 1 u 0 0 e 0 t i 0 n 0 0 0 0 0 0 h 0 0 0 0 0 a 0 b 0 v 0 0 0 z 0 d 0 0 0 f 0 0 0 0 m 0 k 0 o l 0 k 0 s k 0 0 0 w 0 0 l b 0 0 x 0 k 0 y 0 0 0 k c k 0 u 0 t 1 j 1 1 1 1 1 0 0 0 f 
0 0 0 n x 1 0 1 0 1 0 o 0 1 1 x n 0 a 1 0 y 0 0 0 0 0 c 0 j 1 g 0 0 u b 1 0 0 1 g 0 g 1 1 1 g w p 0 0 0 0 0 0 1 1 0 1 0 y t 1 0 0 0 0 0 0 0 0 0 0 0 0 a 0 p 0 c 0 0 0 0 z 0 c t 0 c 0 0 0 0 c 0 d 0 0 0 0 0 0 0 i 0 v 0 o 0 0 0 f 0 p 0 q o 0 0 0 0 0 0 0 0 0 p v 0 0 0 h 0 0 0 0 0 0 r m 0 0 0 0 0 w f 0 o 
0 p 0 0 0 0 0 0 o 0 v 0 0 w 0 0 0 0 t j 0 0 s 0 0 g 0 0 0 0 0 c o 0 r 0 i 0 0 b n 0 0 m 0 m 0 m s 0 m 0 k u m 0 o 0 0 0 0 0 0 0 y y d y t k 0 0 0 0 0 0 0 d p g 0 c c 0 0 0 f q g 0 b m 0 x 0 i 0 0 0 0 0 0 l 0 0 q k 0 0 0 n 0 i 0 x 0 0 v 0 0 0 0 0 0 0 b 0 0 z 0 0 0 y 0 0 1 0 0 p 1 0 1 1 1 1 0 0 0 x 0 
0 0 0 0 k 1 i 1 0 1 0 0 0 1 1 0 0 1 0 0 0 0 0 h 0 p 0 0 a 0 1 v 0 1 0 0 0 0 0 0 0 0 0 0 0 y 0 b x 0 0 0 c 0 0 0 0 0 0 0 i 0 0 0 0 z 0 0 0 y 0 0 0 0 0 0 0 f 0 l 0 0 0 0 0 s v w 0 a 0 0 0 0 0 0 h 0 0 c j 0 l w 0 a 0 0 0 z 0 0 0 d 0 0 0 0 0 o 0 r u t 0 0 k 0 0 0 d 0 0 q 0 0 e w c 1 r 1 1 1 1 0 0 z 0 i 
0 j 0 0 0 1 0 1 0 0 0 b 0 0 0 0 p l c x 0 0 0 e d 0 d 0 s 0 0 0 0 0 0 0 0 0 0 0 0 w s 0 0 r 0 0 0 0 0 0 0 0 0 0 p 0 0 0 0 0 0 q 0 h 0 p f h 0 v 0 k 0 0 0 0 0 t 0 f e 0 p 0 0 0 0 q 0 0 0 0 j 0 0 0 0 t b s 0 0 0 0 k 0 0 0 0 q 0 0 r 0 0 0 0 0 0 r 0 0 0 v 0 n x d 0 0 0 0 0 0 0 0 0 1 0 1 1 1 1 0 t f 0 0 
0 x 0 0 x 0 x 0 0 c z b w 0 d n a 1 0 0 0 0 0 1 0 t 0 0 w 0 0 b 0 b 0 0 v b 0 e i 0 l g 0 h j 0 l i n 0 0 0 o x 0 i 0 0 0 0 c 0 f 0 w 0 t 0 0 0 0 0 0 0 0 d 0 0 1 0 0 0 0 0 0 0 0 0 0 a 0 0 0 v 0 0 0 0 0 0 0 0 0 0 0 s 0 0 0 0 m 0 0 0 0 0 0 n 0 0 0 0 0 0 1 0 1 f 0 0 0 i 0 1 u 0 0 1 j 1 0 z 0 0 0 r v 0 
c 0 q 0 0 1 0 1 i 1 0 0 0 1 1 0 0 1 0 c 0 0 0 1 k y j g 0 i 1 0 0 1 y 0 1 0 0 1 i 0 1 1 0 1 0 t 0 0 z 0 0 0 o 0 0 0 0 0 0 0 0 c l k y w 0 0 0 t 0 b e 1 v 0 1 0 0 0 0 0 r i 0 0 0 0 0 0 e h t u 0 1 0 0 0 0 0 x 0 0 y j 0 l 0 0 0 0 0 0 r 0 0 0 0 0 m 0 0 0 v 0 1 0 0 0 0 0 0 0 0 0 0 0 n 0 0 0 g 0 0 c 0 u 
0 u j 0 0 1 0 1 0 1 e b 0 1 1 z 0 1 m 1 0 0 c 1 0 0 0 0 h t 1 0 s 1 0 0 v 0 x 0 0 0 0 0 0 0 0 0 0 0 0 0 0 a 0 0 0 0 f 0 c 0 0 0 0 0 0 f 0 h r 0 0 a 0 0 0 0 t 0 b 0 n 0 0 p 0 0 0 0 i 0 0 0 j 0 0 0 o 0 0 0 0 0 0 0 0 0 0 0 0 a 0 o 0 z d 0 0 0 0 0 b v c 0 0 q 1 r 0 0 0 t 0 0 0 l 0 0 0 1 1 1 1 w o 0 0 0 
h 0 v 0 0 o 0 0 a 1 0 0 g 0 0 0 0 0 0 0 r 0 0 0 0 0 q 0 0 0 0 0 0 0 0 i 0 0 0 0 0 0 0 u 0 t g 0 0 0 g 0 0 0 0 0 0 0 x 0 0 s 0 0 i u 0 k 0 0 g f 0 0 0 0 z 0 0 0 0 x 0 p j 0 0 m 0 l 0 d 0 0 0 p c 0 0 0 y r 0 0 y 0 0 0 0 0 0 0 0 0 0 0 0 0 0 0 0 0 v 0 0 0 0 0 0 0 0 d 0 0 0 0 0 0 0 d j 0 0 p 0 f 0 0 0 1 
0 0 t 0 b n d 0 0 0 0 0 l 0 h 0 0 0 0 a 0 z o t 0 0 0 0 0 0 0 0 0 0 0 u 0 q 0 0 0 t 0 i 0 q 0 0 k 0 0 l 0 0 0 0 0 m y 0 0 0 0 0 0 0 0 0 0 t 0 0 0 j 0 c 0 0 0 0 0 r 0 f 0 0 0 0 0 0 q e 0 0 f 0 0 j 0 c 0 0 b 0 0 o e 0 0 0 0 a 0 0 u 0 0 0 x 0 0 k g 0 0 0 0 r 0 0 0 0 z 0 r k t 0 f 0 0 0 0 0 0 0 0 0 e i 
g 0 s 0 0 1 0 1 h 1 0 q s 1 1 1 0 0 0 r 0 i t 0 0 0 r p 0 0 0 0 0 0 l 0 u l 0 0 0 0 1 1 g 0 v 0 a 0 k 0 t z r 0 0 s 0 0 0 0 0 0 0 0 0 s z 0 0 0 0 0 0 0 0 h r k 0 j 0 w p 0 0 0 w 0 0 0 0 0 e 0 g 0 k 0 0 b s 0 s 0 0 0 v 0 g u 0 0 e 0 0 0 q a 0 0 0 0 0 0 0 p 0 z 0 0 0 0 i 0 0 0 0 0 0 q 0 0 0 0 g 0 0 1 
0 0 0 0 t 1 r 1 0 0 n 0 u 0 0 d 0 0 0 0 d z 0 0 0 0 0 0 x h 0 0 0 0 0 g u 0 0 b 0 0 0 i h 0 0 f z 0 0 d 0 0 0 0 0 0 0 w q 0 0 l 0 h 0 w 0 i 0 0 0 j 0 0 0 0 0 0 f 0 0 q 0 z 0 0 0 0 0 r p 0 0 0 0 0 0 0 e u 0 0 c 0 z 0 g f 0 l z 0 z 0 0 0 0 0 0 0 t 0 0 0 0 1 1 0 k 0 0 a 0 1 0 0 0 1 q 1 1 1 1 0 0 0 0 1 
0 c 0 0 0 1 0 1 k q 0 0 0 1 1 1 0 1 z 0 0 0 0 0 0 0 s 0 d 0 1 0 0 1 0 0 1 g j 0 0 0 0 i c 0 0 0 b 0 0 0 0 0 0 u j 0 v 0 0 s 0 x 0 0 0 0 0 0 0 e a 0 0 g g 0 0 f 0 f h r v 0 0 u u 0 0 h 0 f 0 0 0 0 g 0 0 0 y 0 0 0 s 0 0 0 0 m 0 0 o w 1 0 g b t 0 0 w 0 0 0 1 1 x 0 0 0 0 0 1 f n h 1 0 1 1 1 1 0 0 0 0 1 
0 0 0 0 0 1 r 0 q 0 0 0 c 0 0 0 0 0 0 0 t 0 0 0 0 r 0 0 0 0 0 0 0 0 0 0 1 0 f 1 0 0 1 1 0 1 0 0 0 0 0 1 0 0 0 1 0 0 1 0 0 0 1 0 0 0 0 o 0 0 0 v u 0 0 0 0 0 x 0 h 0 q 0 t 0 0 g 0 0 0 0 0 w 0 0 0 0 0 v 0 y e 0 0 0 0 0 0 0 0 0 0 0 0 x 0 0 k 0 0 q 0 0 0 0 0 o 0 0 0 0 0 w l n e 0 0 1 0 1 1 h 1 0 1 0 0 1 
0 0 0 0 0 1 0 1 0 1 o 0 0 1 1 1 0 1 0 r g 0 0 0 b 0 0 0 0 w g u q 0 0 b i b x 0 v 0 0 y 0 0 n 0 v g h t s 0 0 0 v 0 0 0 n 0 g 0 0 u 0 0 0 0 0 i 0 0 0 0 0 0 o 0 0 0 x 0 s 0 0 0 0 0 0 0 0 0 q 0 0 w c g c 0 0 f 0 0 0 0 0 0 a 0 0 u 0 0 0 0 0 h 0 g o 0 0 0 0 0 t e 0 h s 0 0 d 0 0 j y 0 0 0 0 1 c 1 0 w 1 
0 0 e 0 e 1 0 1 h 1 0 0 0 k 0 0 c n 0 w 0 0 0 0 0 f 0 i 0 f 0 0 0 0 0 g 0 n 0 0 0 0 0 h z 1 0 0 y 0 0 1 x r z 1 0 n 0 u 0 j 1 0 1 0 0 0 t 0 0 r 0 0 0 f 0 0 n 0 0 0 0 a n 0 u 0 0 0 0 0 n 0 0 p t q 0 c 0 0 0 0 f 0 w 0 0 0 0 0 0 0 0 0 0 0 y 0 r 0 0 0 0 0 c 0 v k 0 0 0 0 0 0 0 x 0 0 0 0 v 0 0 0 t 0 0 1 
0 0 0 v 0 0 0 0 0 0 w 0 d 1 1 1 0 m t 0 c 0 0 1 0 p 0 0 h q 0 f 0 0 0 0 0 0 j 0 0 0 0 p j 0 0 0 0 0 0 j 0 0 c 0 0 k 0 0 0 0 t u 0 d 0 0 0 g b i y 0 0 0 0 0 0 0 m 0 0 0 0 0 0 0 a 0 a l 0 0 0 0 0 1 0 0 0 0 z 0 0 a w r 0 0 0 r 0 0 0 0 0 0 0 d 0 0 0 0 0 0 0 0 0 0 0 0 0 c 0 q 0 0 0 0 0 1 1 0 1 0 1 d p 1 
0 0 0 1 0 1 0 1 0 1 0 0 g 1 1 1 0 1 0 0 0 e 0 t v 0 0 0 0 f 0 0 0 0 y 0 0 0 0 0 q c 0 0 0 0 0 0 0 0 0 0 0 n 0 a a 0 0 0 0 0 0 0 0 0 0 0 0 0 0 x x 0 0 0 0 h 0 0 m 0 0 q 0 0 0 v 0 0 0 0 0 0 0 i 0 0 0 0 0 0 0 0 0 e 0 f 0 0 n 0 s 0 0 0 0 0 0 0 0 0 0 0 q 0 0 0 0 0 0 0 m 0 0 0 0 0 s 0 0 0 0 0 0 a 1 0 d 1 
v 0 0 0 c i 0 0 0 0 n p i u 0 j u 0 i 0 0 0 0 b s 0 0 b 0 0 d q x c 0 0 0 0 0 0 0 0 0 0 0 0 0 j 0 j 0 1 1 0 e 1 0 h 0 0 0 z 0 0 0 0 0 0 0 0 0 t 0 f 0 0 0 d x 0 0 0 h y h 0 0 0 f i 0 0 0 0 0 0 d i 0 0 0 0 0 0 0 0 0 0 o 0 0 0 0 q h 0 0 0 0 0 0 0 0 r 0 0 0 0 0 e b 0 t 0 0 1 0 0 0 1 0 1 1 0 1 0 1 z c 1 
0 0 p 0 0 0 0 r d 0 0 0 0 0 0 0 0 f 0 0 0 0 0 q u 0 0 0 0 0 1 m j 1 0 0 y 0 1 1 0 0 1 1 0 1 0 0 a 0 0 1 1 0 0 0 0 0 0 0 l 0 0 0 0 0 0 0 0 m 0 s 0 0 0 0 0 0 0 0 0 0 0 0 0 0 0 0 g 0 0 c c 0 0 0 0 1 0 0 0 0 0 0 0 0 y s 0 0 o 0 0 0 0 0 r 0 0 g 0 0 0 0 i 0 0 0 1 l 0 k 0 0 s 1 k 0 m 1 0 1 1 0 1 0 1 z a 1 
e n 0 1 b l 0 0 r 0 0 0 0 0 m 0 0 q k 0 b 0 g 0 0 0 0 0 0 0 0 0 g w t b 0 0 t z o 0 0 0 h 0 0 0 w 0 0 0 0 k 0 l 0 0 0 n 0 0 0 d 0 0 0 0 0 0 0 0 0 0 p 0 0 0 0 0 0 z 0 i 0 j 0 n 0 0 0 0 0 0 q s a 0 0 0 e 0 0 0 0 0 0 m 0 0 n 0 0 0 0 w 0 0 0 m 0 0 0 t 0 0 o g 0 0 0 t f 0 0 1 0 0 0 0 0 1 1 0 1 0 1 k 0 1 
n 0 0 1 t 1 0 1 0 1 z f c 0 0 v 0 0 0 k v 0 0 0 0 w n 0 0 0 r 0 0 0 0 0 s 0 i 0 0 0 n 0 0 0 0 0 0 0 s 0 0 l 0 0 0 0 o c 0 0 o 0 j 0 z 0 0 0 0 0 h 0 0 0 r o 0 0 0 l e 0 0 0 0 0 0 0 0 0 0 0 0 0 0 0 0 0 0 0 0 o 0 0 0 0 0 0 0 0 n 0 i 0 0 j 0 0 0 k 0 0 0 0 0 e 0 0 i 0 0 b 0 1 0 0 0 u h 1 1 0 1 j 1 0 0 1 
0 p 0 1 0 1 v 1 0 1 0 0 0 1 1 1 0 p s 1 0 i 0 1 y s 0 0 0 k 1 b 0 1 e 0 f 0 1 1 0 0 1 1 0 1 0 0 0 0 h 0 0 o a 0 y a o o p h 0 0 0 0 0 0 m 0 0 0 0 0 p x q 0 0 0 0 q e 0 0 0 0 0 0 v o m 0 m 0 0 z b 0 0 0 l 0 0 t a 0 0 d 0 0 y p 0 0 0 0 0 m 0 0 0 0 0 k f 0 e 0 s a f 0 g 0 1 0 m q n h 1 1 n 1 0 1 0 s 1 
0 s 0 1 w 1 0 0 t x 0 0 0 0 0 c 0 0 0 0 0 w 0 0 0 0 0 0 0 0 u 0 n 0 0 0 0 0 0 0 0 0 u 0 o 0 0 0 0 0 s 0 0 l 0 f r 0 0 s 0 h 0 0 0 i 0 q 0 0 0 0 x 0 0 g d 0 0 r 0 0 d 0 0 r j p 0 0 a 0 p 0 0 0 0 0 0 0 0 0 0 i 0 f 0 d 0 0 s 0 0 0 0 0 1 1 0 e 0 n 0 0 p 0 0 0 0 0 s 0 0 0 p 1 0 0 0 0 0 1 1 0 1 h 1 y 0 1 
c 0 0 c 0 1 e 1 0 1 0 0 0 1 0 1 0 n 0 1 q 0 0 1 0 0 0 0 n 0 0 0 0 0 f 0 0 0 o 0 e q 0 l q 0 0 0 0 0 0 1 1 0 0 1 0 0 0 r v 0 q 0 1 0 0 o 1 b f l 0 0 m 0 x 0 0 0 e 0 0 0 z 0 0 0 0 q 0 0 c 0 0 y t 0 j 0 t 0 0 d 0 z 0 z 0 0 n 0 0 i 0 x h 0 y 0 0 0 0 0 0 0 0 0 w 0 0 v 0 0 0 1 0 0 0 0 0 1 1 0 1 0 1 0 0 1 
p 0 0 1 0 1 0 1 0 1 0 0 0 0 0 0 q 0 0 i y 0 0 0 q 0 0 0 l 0 s 0 r e 0 i o e 0 0 0 0 s 0 0 0 0 0 0 0 0 0 0 0 0 e 0 0 0 e 0 0 a 0 0 0 0 b 0 u h u 0 0 0 0 0 0 v 0 0 0 y 0 0 0 0 0 a 0 f 0 0 h a 0 x i u t 0 0 g k 0 0 l q k 0 l 0 0 u x 0 0 i 0 0 0 0 0 0 0 x i 0 0 m 0 0 0 g 0 1 i 0 i 0 0 1 k 0 0 f 1 0 0 1 
0 0 0 1 u 1 0 1 0 1 0 0 l j 0 z 0 0 0 1 0 0 x 1 0 0 0 0 0 0 1 0 0 1 0 k 0 0 0 p o 0 r 0 b 0 l 0 0 0 0 0 0 0 r 0 0 0 0 0 l 0 0 0 0 0 0 0 t 0 0 0 0 0 0 0 0 0 0 0 g 0 0 l f 0 0 0 0 0 0 0 0 0 r 0 0 o z 0 a 0 0 a 0 0 0 1 0 s i 0 0 0 0 0 0 1 0 0 0 0 0 0 0 0 0 0 0 0 t v 0 0 0 1 0 0 x 0 t c j l 1 0 1 0 0 1 
p 0 i 1 g y 0 m k 0 r t 0 0 x 0 0 i 0 0 z 0 q 0 h 0 y 0 0 0 0 0 0 i 0 0 0 0 u y 0 0 0 0 0 y 0 0 0 0 0 0 0 0 t 0 0 0 o l b 0 0 u 0 c 0 0 0 l 0 0 0 k l 0 0 0 0 0 0 0 0 x z z 0 t 0 h z 0 0 0 0 0 0 0 0 0 0 b 0 0 0 o 0 0 0 0 0 0 f 0 0 j 0 q c 0 0 o 0 0 0 m 0 z n 0 0 0 0 0 p 1 0 0 n 0 0 1 1 g 1 x 1 0 k 1 
0 0 0 1 0 1 z 1 x 1 0 l 0 1 0 n 0 y 0 0 0 0 0 0 f 0 w 0 0 0 p 0 n 0 0 0 c 0 o 0 0 o 0 y n 0 0 0 h 0 0 0 0 0 0 0 0 0 0 0 0 w 0 0 0 b 0 0 0 i 0 0 p 0 n g 0 f 0 s 0 0 0 0 a 0 0 0 k 0 0 0 0 0 0 0 o 0 0 0 0 0 e 0 0 b 0 0 n 0 f 0 0 f f 0 0 f y 0 0 q 0 0 n 0 0 0 0 0 0 0 0 y 0 1 0 0 0 0 0 1 1 0 1 0 1 0 0 1 
0 u t 0 0 q 0 0 i 0 0 0 0 0 w x 0 0 0 0 e 0 0 0 0 0 0 0 0 n 0 0 0 0 0 0 k h 0 0 0 0 0 0 0 0 p 0 0 0 0 g 0 0 g t 0 0 0 0 m y w 0 0 m 0 0 x 0 0 f h 0 0 b 0 0 0 0 0 0 0 c 0 w 1 d 0 0 1 0 0 u 0 0 0 j 0 0 0 0 x 0 0 0 0 0 0 0 0 0 m k 0 0 0 0 0 0 x r b 0 0 y v 0 0 0 h j 0 0 0 0 0 0 0 0 0 0 0 0 0 0 n 0 0 0 
r 0 0 1 0 1 0 1 0 1 0 0 a 0 0 0 0 0 0 j h 0 l 0 0 0 0 0 0 0 1 1 s 0 0 0 i 0 o 0 0 0 0 0 0 0 v 0 0 0 0 0 0 0 0 0 0 0 0 0 0 c 0 m 0 r 0 0 0 o 0 0 0 0 e 0 0 1 0 m 0 0 0 0 s 0 h 0 0 b z 0 0 f 0 0 d 0 0 0 0 0 i m n b 0 0 0 m 0 0 0 0 0 s 0 e 0 m 0 n 0 0 0 z 0 0 0 o 0 n 0 0 0 k h 0 k 0 0 1 1 0 1 0 1 0 0 1 
p 0 y 0 0 0 0 1 n 1 0 0 q 1 0 0 0 0 w 0 r 0 o 0 0 h 0 0 0 t 0 0 t 0 0 0 0 0 0 0 0 e 0 k k 0 l 0 o f 0 j w 0 0 0 0 l i a 0 f 0 r s 0 a 0 a 0 0 0 0 0 r 0 0 s c 0 0 0 z 0 0 0 1 0 w w y 0 0 0 s p 0 0 n 0 0 z 0 b 0 0 p 0 q 0 0 0 l 0 d 0 0 0 a 0 0 0 0 0 w 0 n 0 0 h z 0 0 0 0 i l 0 0 0 0 1 1 n 1 l 1 y h 1 
0 0 t 1 f 1 0 1 0 1 0 0 v 0 0 0 0 0 0 0 0 b 0 r 0 0 0 0 k 0 0 o 0 0 f 0 r 0 0 0 b 0 0 0 0 k 0 0 w 0 0 0 0 0 0 1 0 0 h 0 0 l y 0 q y 0 0 0 0 0 0 0 n 0 0 s r 0 0 0 d 0 0 0 n 0 0 0 f n r 0 0 h 0 0 d 0 0 0 0 0 m 0 0 f 0 0 0 0 e 0 0 w 0 0 0 0 0 f 0 0 x 0 t 0 z 0 0 0 0 w 0 0 0 0 0 0 0 0 0 n 0 0 0 0 0 0 s 
0 0 0 1 e 1 0 1 0 1 g 0 0 1 v 1 0 0 0 0 w o 0 0 b j 0 f 0 0 0 0 0 q 0 i 0 0 e 0 s a g 0 q 0 0 0 0 j j 0 0 0 0 x k 0 a 0 0 0 v 0 0 0 u g 0 0 0 0 z 0 0 0 0 0 0 z i n e h 0 0 0 o 0 0 0 z z 0 0 f 0 n v 0 0 0 i 0 j t 0 0 n u 0 0 d 0 0 0 q 0 0 g 0 v 0 r 0 0 0 f o 0 0 l 0 0 0 p 0 0 0 g z 1 1 0 1 0 1 0 0 1 
0 d b 1 0 0 l 0 0 0 0 0 0 0 r 0 d 0 i 0 w v p 0 0 0 0 0 q 0 0 0 f 0 0 0 t 0 x 0 0 0 b b 0 0 0 t 0 0 0 s 0 0 0 0 0 0 0 0 0 0 k 0 0 0 0 0 0 0 i s 0 0 y r x t 0 0 0 0 0 1 x 0 1 h 0 0 1 0 0 1 0 0 0 g 0 0 v 0 0 1 0 0 u j p 0 0 0 0 0 z u 0 p 0 0 0 0 0 c 0 0 0 p x 0 0 0 0 u 0 0 0 0 0 0 g d h l 0 0 m o 0 1 
0 0 p 1 h 1 0 v 0 y 0 0 0 0 q p l 0 0 0 0 0 z p 0 0 0 v l 0 0 0 0 0 0 0 c z 0 0 0 0 0 0 0 0 0 0 0 e 0 0 0 a 0 1 h 0 0 0 0 p 0 0 1 0 m 0 0 0 0 0 x 0 0 0 i 0 1 0 1 1 0 1 0 s 1 0 0 0 1 r c 1 0 0 0 0 s 0 0 0 0 0 0 0 0 w 0 x 0 0 k 0 i 0 v 0 0 0 0 0 n f 0 0 d z 0 0 y 0 0 0 0 0 0 0 0 0 0 1 1 m r q j d 0 m 
0 0 0 j 0 0 0 0 0 0 0 z 0 o 0 0 0 0 0 0 0 0 0 p 0 0 0 0 0 r 0 f 0 j 0 0 i 0 0 0 0 h 0 l 0 0 0 0 0 0 0 0 0 0 0 0 0 0 x d 0 0 0 o h 0 0 o 0 o 0 w 0 0 x 0 0 0 0 h g 0 0 1 t 0 1 0 u r 1 r w 1 t h 0 0 0 0 0 0 j 1 0 0 0 1 0 0 0 0 0 g 0 0 0 0 e 0 0 1 0 0 0 0 c v 0 0 k 0 l 0 0 0 x 0 0 x 0 1 1 0 1 0 1 0 0 1 
0 n 1 1 0 1 0 0 0 0 0 m m 0 0 a 0 0 p 0 0 0 0 c p 0 0 0 0 g 0 0 0 0 0 0 0 0 0 l 0 x 0 h 0 0 0 0 0 a r 0 0 z 0 u 0 q o a 0 0 0 0 0 p 0 t l 0 0 0 0 0 0 0 0 0 l f 0 0 e 0 0 0 z 0 m 0 0 0 k 0 0 k y 0 0 l 0 0 r q z 0 0 0 0 y 0 u q r e 0 g u 0 0 0 0 0 d j 0 p 0 0 0 0 y q 0 0 0 0 f 0 0 0 1 1 0 1 g 1 0 l v 
0 0 0 0 0 z 0 f l 0 g 0 0 j 0 c 0 0 0 0 0 w j 0 0 0 0 z 0 0 i 0 0 n 0 0 0 c q x 0 0 0 y 0 0 o 0 0 0 0 0 0 0 0 0 k 0 0 0 t 0 v 0 1 0 0 l 0 f 0 d 0 0 0 0 u 0 0 v z 0 c v 0 0 b 0 0 0 f 0 0 0 0 0 d o 0 0 0 0 0 0 u w 0 0 f 0 s d s q h 0 0 0 0 0 0 0 0 r 0 0 0 s 0 k 0 k o 0 0 0 0 0 f 0 0 1 1 0 1 0 1 0 0 0 
0 0 1 1 t 1 p t 0 1 0 0 0 j 0 0 0 0 0 0 w 0 q r i 0 0 h 0 z 0 0 0 0 0 0 n h 0 0 u 0 0 0 0 f g y 0 0 i n 0 0 0 0 0 0 m 0 0 h v 0 0 0 m 0 0 0 d 0 0 0 i k b e 0 0 0 0 0 w a f f 0 0 0 0 0 0 0 0 0 0 n r v 0 0 0 v 0 z u 0 0 o 0 0 0 0 0 0 0 0 0 0 g 0 0 a 0 0 0 0 0 c n 0 0 t c 0 0 0 0 0 0 0 g 0 1 0 1 h 0 0 
0 f 1 1 0 1 0 0 0 1 0 r 0 1 h 0 0 0 d z 0 1 0 1 0 d 0 0 1 0 c i u r 0 0 0 0 0 0 e 0 0 0 0 0 0 0 0 b p 0 0 0 0 j 0 0 0 0 0 0 l 0 0 0 e h 0 0 0 0 0 g 0 0 t 0 c 0 0 0 u b w a 0 0 0 j 0 0 0 b 0 0 f 0 j j 0 0 0 0 0 0 a 0 0 0 0 r 0 0 0 0 b k 0 0 0 0 0 0 0 0 0 0 0 0 w 0 g 0 q 0 0 0 g 0 0 0 1 0 1 0 1 0 0 t 
0 0 1 1 u 1 h 0 0 1 0 c 0 1 0 0 0 0 0 0 u 0 t x f t 0 0 0 b 0 0 0 o 0 r 0 0 u 0 0 n 0 z 0 g 0 0 z q 0 l n 0 0 0 x 0 0 0 m 0 0 e 0 d w 0 w 0 0 0 f 0 0 0 s 0 0 0 0 0 h 1 0 0 1 0 0 0 e 0 0 1 0 0 x 0 n 0 0 0 0 1 0 0 0 1 0 c 0 s 0 j 0 s 0 r 0 0 0 1 h 0 0 0 v 0 0 0 0 t 0 y 0 w 0 w 0 o 0 1 1 d 1 0 1 0 0 f 
0 0 1 1 0 1 0 0 0 1 y 0 z 0 0 0 0 0 p 0 0 1 0 1 0 0 0 x 1 e u h 1 0 0 0 n y e x 0 0 0 0 0 0 0 0 p 0 g 0 0 0 0 r 0 0 0 0 0 0 x 0 0 0 0 0 0 z 0 0 0 g 0 b 0 0 0 0 0 0 p 0 0 b s p 0 e 0 0 0 0 v 0 0 i 0 0 s 0 0 t 0 0 0 0 z 0 0 0 l 0 0 j 0 w 0 t 0 r m 0 e 0 z 0 0 m 0 y 0 j 0 0 0 u 0 0 m 0 0 0 1 i 1 0 s 0 
0 0 1 1 0 1 1 e i 1 0 l 0 0 0 0 0 q b 0 0 0 0 0 0 0 0 r 0 p 0 0 0 0 0 0 0 e 0 0 0 k 0 0 n t y 0 0 0 j b k 0 0 0 0 q 0 0 0 y 0 p m 0 0 0 0 0 m k 0 0 0 0 0 h 0 0 h 0 0 0 0 0 0 y 0 0 0 0 0 0 0 0 0 0 0 e 0 o 0 n 0 0 0 0 b 0 0 0 i 0 v i w 0 j 0 0 0 0 0 r 0 i n 0 0 0 0 0 u 0 0 z 0 s 0 0 1 0 0 1 0 1 i 0 0 
0 0 1 1 0 1 1 h 0 1 0 0 k 1 0 0 o 0 0 0 0 0 0 0 0 b i x 0 z z u 0 0 t 0 0 k 0 0 j 0 f 0 0 0 0 0 b 0 0 0 0 0 0 0 0 0 0 0 k j 0 g o 0 0 0 w 0 v 0 y q x 0 0 0 x 0 0 f 0 b 0 q 0 0 a 0 0 0 r 0 0 y n j 1 s i 0 0 i 0 0 0 0 0 a c 0 o 0 o c 0 0 0 0 0 0 0 0 0 0 0 r c i 0 a 0 0 l u o n 0 m 0 0 0 p 1 0 1 0 g 0 
0 m 0 0 0 w l 0 0 0 i 0 h 0 0 i 0 0 0 0 c h 0 0 0 0 0 0 0 o 0 0 j 0 0 h g 0 0 0 0 0 t 0 i 0 0 d n c x 0 w u 0 0 0 0 0 0 0 0 x 0 0 0 i a 0 0 0 i 0 0 0 0 0 0 1 0 1 1 0 0 0 0 1 0 0 0 0 0 o 1 0 0 0 0 0 0 e 0 0 1 t 0 a h d 0 0 0 q 1 0 0 0 g 0 t 0 1 0 t 0 0 0 0 0 0 g s 0 0 0 1 x k 0 m 0 1 0 g 1 y 1 0 0 0 
1 j 1 1 s 1 1 0 0 1 u h 0 0 0 0 0 f 0 0 0 y 0 n 0 m 0 h v 0 h 0 0 0 0 1 0 0 0 0 0 0 0 c w 1 0 0 o 0 0 0 0 0 0 n 0 0 0 0 j s 0 0 o k v 0 0 0 0 b 0 0 p 0 0 0 j 0 w w 0 0 0 0 0 l 0 0 0 0 0 c 0 0 0 0 0 0 0 0 e 0 0 0 0 0 0 0 r 0 0 h x 0 0 x 0 0 0 1 0 0 0 s 0 m 0 0 0 0 c 0 0 1 0 0 0 0 0 1 y 0 1 0 1 i 0 k 
1 0 0 0 n c 0 j 0 0 0 f v 0 0 0 0 0 0 q 0 0 0 t 0 0 0 0 0 0 0 l t 0 0 n 0 s a c 0 0 0 o 0 0 0 0 0 0 0 0 a 0 a 0 0 0 0 h o 0 0 0 u p 0 0 0 0 0 0 0 0 z 0 0 i 0 0 0 n 0 0 0 0 0 c 0 0 0 o 0 0 0 0 0 0 0 0 0 d j 1 0 0 0 1 q t s s w 1 v b 0 y 0 0 0 1 0 0 0 n 0 m 0 0 h 0 0 0 w 1 0 l 0 0 0 1 0 0 1 0 1 b 0 0 
1 0 1 1 0 1 1 0 z 1 0 0 0 l q 0 0 0 0 0 0 1 c 0 0 0 x 0 r v 0 0 z f 0 0 s 0 0 b 0 0 0 0 0 a 0 0 0 0 0 m 1 0 t 1 0 0 q s 0 s 1 0 l 0 0 0 0 0 v r 0 0 0 0 0 0 1 0 0 0 0 0 b 0 0 0 0 g 0 0 z 0 0 0 0 0 0 w 0 b b 0 w 0 0 0 i j j b 0 o 0 0 0 0 r o g y e u n 0 a i 0 w 0 0 r h 0 1 0 0 0 t 0 0 0 0 1 0 1 e 0 0 
1 0 1 1 y 1 1 0 0 1 0 0 0 0 t n 0 0 h 0 w s 0 0 0 0 0 o 0 0 0 0 0 q 0 0 0 0 0 p e 1 n c w 1 0 0 0 0 0 0 0 0 0 0 0 0 0 0 b d 0 0 0 0 0 0 0 0 f 0 0 0 0 0 0 0 0 a 0 0 0 0 0 0 0 0 0 0 a 0 0 0 0 0 0 z q 0 e 0 j e h x 0 0 0 l 0 0 0 0 0 e 0 p 0 0 0 r 0 0 0 t 0 0 a 0 0 n 0 b 0 0 k 0 q 0 j 0 0 0 1 0 1 0 0 0 
1 0 1 1 0 1 1 x j 1 0 0 1 a 0 0 0 0 0 0 0 1 1 1 b w 0 k 1 0 k 0 b 0 0 h f 0 0 0 0 0 0 0 0 h 0 0 0 0 q 0 0 a r 0 u 0 0 r 0 0 1 0 r 0 0 0 0 0 b 0 0 0 k m 0 d 0 y w 0 b 0 0 0 0 0 0 0 0 0 0 0 0 0 0 d 0 0 0 0 0 0 p 0 0 0 0 x d 0 0 0 0 0 0 k 0 0 0 g j 0 0 0 0 0 0 0 0 0 0 0 0 0 0 0 0 0 h 0 v 0 u 0 1 0 p 0 
1 0 0 0 0 w 0 0 0 0 l 0 0 0 0 0 0 0 u 0 m 0 0 0 0 0 0 0 0 0 b v o 0 d 0 0 0 g 0 t 0 0 t 0 j p 0 j 0 0 0 0 0 d 0 0 0 0 0 p m r 0 0 n 0 0 0 0 0 t 0 0 0 y 0 j 0 b j j 0 r 0 j 0 g 0 0 0 0 0 0 0 l 0 g 0 0 0 0 g 0 0 0 o 0 0 l 0 q 0 0 d b 0 0 u 0 0 x z 0 i 0 0 0 j c f 0 0 j 0 0 0 q 0 t 0 h 0 y 1 0 k 0 d 0 
1 e 1 1 0 1 1 0 0 1 0 0 1 0 0 c 0 0 l 0 e i 0 0 0 0 0 e 0 a 0 0 0 0 0 v 0 0 0 p 0 w 0 0 0 e 0 0 e e 0 e n 0 b 0 0 0 0 0 s 0 0 0 m 0 0 0 q 0 d 0 f 0 0 j 0 j 0 k c 0 d 0 b 0 f 0 0 k 0 z 0 0 0 0 j 0 0 0 m 0 0 0 0 0 0 q 0 0 0 0 0 k 0 0 0 j 0 0 0 o 0 0 0 z 0 0 0 0 0 0 0 0 0 0 0 r v 0 l 0 y b 0 a 0 0 t 0 
1 0 0 h p a 0 h 0 0 0 0 0 0 f 0 0 t 0 k g 0 0 c 0 0 0 i 0 0 0 0 r 0 0 o 1 z 0 b 0 1 0 t 0 1 o 0 0 0 0 0 e 0 0 0 0 0 0 c 0 0 0 0 0 0 0 r 0 v 0 0 0 0 x 0 m 0 0 r 0 b 0 0 h 0 0 0 0 0 c 0 0 0 0 0 0 f 0 0 0 c 0 0 p 0 0 l 0 k 0 0 w 0 q m 0 q 0 0 0 0 0 n t 0 l 0 h 0 0 0 t 0 0 0 d 0 0 m 0 0 g n a 0 0 0 0 0 
1 0 1 1 0 1 1 0 0 1 0 0 1 0 b l z 0 n q 0 1 1 1 n 0 a 0 1 0 q 0 0 j 0 0 1 g 0 0 0 1 0 0 0 0 0 0 0 0 o 0 0 0 t 0 q 0 j w 0 u 0 j 0 d 0 k k 0 0 0 0 f 0 x 0 0 0 0 0 h 0 w 0 0 0 0 q v k 0 b 0 0 0 0 0 0 0 0 0 0 0 0 0 0 0 i 0 g l 0 0 0 0 0 0 e l m 0 0 v 0 0 0 q r 0 0 m 0 0 0 1 a e m 0 d 0 0 0 d 0 1 0 0 0 
1 0 1 1 l 1 1 0 o d 0 0 1 0 d 0 0 w a y 0 1 1 1 0 d 0 0 0 b k q f 0 p 0 e d z g 0 0 0 i w 1 z x 0 0 0 0 0 0 z 0 0 0 0 0 k 0 0 w 0 0 0 0 0 p 0 0 0 0 0 l 0 x m 0 n 0 0 h 0 0 0 h b s b s 0 0 0 0 0 u 0 u 0 0 v u 0 w r a 0 0 0 0 0 0 0 t k q 0 0 0 0 0 0 p 0 0 1 0 m d 0 0 j 0 1 0 0 k 0 0 1 0 0 1 0 1 n 0 0 
1 0 1 1 0 1 0 0 0 c 0 0 0 u 0 0 0 0 0 0 m 0 0 0 0 0 0 0 0 n 0 0 0 0 0 0 0 0 0 0 0 r 0 o 0 1 0 0 0 0 0 0 0 0 0 1 0 0 0 0 0 0 0 0 o 0 1 0 0 0 0 a 0 u 0 0 z 0 0 0 0 0 0 0 0 e h 0 0 0 f 0 0 b d s x 0 0 k 0 u h q 0 0 0 0 y 0 0 0 0 0 0 0 0 l q 0 0 0 0 y 0 0 o 0 r 0 0 0 i z 0 1 0 0 0 s w 1 f 0 1 0 1 m 0 0 
1 r 1 1 0 0 0 g z 0 0 x 0 v 0 0 0 0 b h 0 0 0 0 0 h x 0 0 0 0 u p z 0 i u d i 0 0 m s 0 u i u 0 0 0 0 0 0 0 a z 0 0 0 0 a a 0 0 0 0 0 0 0 0 0 0 0 0 w 0 d m 0 0 0 0 0 0 0 0 g 0 f w k 0 p k 0 0 p b 0 0 0 0 u 0 0 0 0 s 0 0 0 0 0 0 m 0 0 0 0 0 0 j 0 0 e 0 0 1 0 t o 0 0 0 b 1 0 0 s b e 1 r 0 1 0 1 q 0 0 
1 0 1 1 i 1 l 0 0 0 0 0 1 e l 0 0 0 0 0 0 1 1 k 0 0 i 0 1 0 0 0 r q 0 0 1 j 0 0 k 1 0 0 0 0 r 0 0 0 0 0 0 0 0 0 0 0 0 0 0 0 0 0 0 0 0 0 0 0 0 o 0 0 0 0 c 0 z 0 0 y 0 h 0 0 0 0 0 0 h x 0 0 t 0 0 0 0 o f 0 0 0 0 0 l 0 0 0 0 0 a 0 0 z 0 0 y 0 0 0 0 0 0 0 0 j 0 s 0 0 d 0 0 0 0 0 s k d 1 0 0 1 s 1 0 w k 
y 0 1 1 0 1 0 0 0 0 0 0 0 0 0 0 y 0 0 0 0 0 0 0 0 0 0 0 0 0 0 q g 0 0 0 0 d 0 t 0 0 m v b r 0 0 0 q 0 z i 0 0 0 l i 0 o 0 0 0 d 0 h 0 0 0 f g 0 0 e j 0 0 0 0 p 0 0 0 0 0 s 0 0 a 0 0 0 0 i m 0 h 0 0 c 0 0 0 0 h 0 0 0 i 0 r 0 0 i i z 0 s i e 0 q 0 d b 0 0 1 0 0 0 y 0 1 0 1 k 0 1 0 0 1 0 0 0 0 1 0 o 0 
1 0 1 1 0 1 0 0 i 0 0 0 x r 0 0 0 0 0 g v 0 0 0 0 0 l 0 1 0 0 0 0 0 m 0 1 0 0 0 0 1 z 0 1 1 0 z 0 w m 0 0 g j 1 0 e 1 0 0 0 0 0 0 0 o z z 0 0 0 0 0 0 0 t t 0 s o c s 0 0 z d 0 0 0 0 0 1 0 0 b 0 0 0 0 0 0 0 0 0 0 0 0 m 0 l h h 0 0 0 0 0 0 0 0 0 0 0 0 0 d 0 0 z 0 q i 0 u 0 0 0 1 f 0 1 w v 0 o y h n w 
1 0 0 0 z 0 x z 0 n 0 0 0 0 c n 0 e 0 0 v z 0 0 0 0 m 0 0 0 l e u 0 0 0 0 0 0 i 0 a 0 w j l c 0 0 0 0 0 h x 0 0 s 0 0 0 0 0 0 0 0 0 0 0 m 0 g 0 0 0 0 o z 0 e 0 0 0 k h 0 y 0 0 0 f 0 0 0 0 0 0 o e 0 0 0 w 0 0 g n 0 0 j 0 0 0 o 0 w 0 g 0 v 0 q 0 0 0 0 e 0 0 y y 0 0 o a 0 1 0 z 0 l 0 c 0 0 0 0 a u 0 0 
1 0 1 1 f 1 0 q 0 w 0 0 r t 0 0 0 t 0 0 0 l h 0 0 0 l 0 c m l 0 s 0 r k 0 0 b 0 0 0 0 0 0 0 0 1 s 0 0 0 0 0 o c 0 0 0 0 l o 0 0 0 0 0 0 0 c 0 0 o c 0 o r 0 i 0 a r 0 0 0 0 0 0 m 0 0 0 0 1 1 q 0 0 0 1 0 1 0 1 0 0 0 1 0 0 d 0 0 1 x 0 0 r 0 0 0 e 0 p 0 h 0 0 0 f s 0 0 0 0 x y 0 0 0 0 1 0 0 a 0 1 q 0 0 
z 0 0 0 0 0 0 s h 0 0 0 0 f 0 0 0 0 0 0 0 0 0 0 0 0 0 0 0 0 m 0 o 0 m p 0 0 c 0 0 0 0 0 0 0 0 j 0 0 0 0 0 0 w f 0 0 p 0 0 0 0 b 0 k 0 0 0 q 0 0 0 0 0 0 0 0 0 0 0 n u 0 0 0 0 0 0 q 0 u g 0 0 c y 0 0 0 e 0 0 1 s j a 1 0 0 0 0 0 1 0 0 b f n 0 0 o 1 e 1 0 0 k s q j 0 0 1 0 1 0 0 1 v 0 1 0 0 l 0 1 0 0 l 
0 0 1 1 u t c 0 z 0 0 n 1 0 1 0 0 e 0 0 0 1 0 a 0 0 0 0 0 0 j 0 a p 0 o l t 0 s 0 1 0 0 0 0 g 0 0 0 0 b 0 0 0 0 y 0 0 0 0 0 l 0 0 0 0 n 0 0 0 0 0 0 0 0 0 0 m 0 0 0 0 0 0 0 r n 0 y 0 0 0 0 0 0 c q l 0 0 0 0 0 0 c p 1 0 0 0 0 0 1 0 0 a 0 a 0 m 0 1 0 1 0 0 0 k 0 0 g 0 1 0 1 1 k 1 0 0 1 0 b g 0 1 v k u 
j 0 1 1 0 1 0 1 y k i 0 0 0 x 0 0 0 0 h 0 0 y t a 0 d 0 0 y 0 0 n 0 0 d 1 s 0 0 0 1 0 u u 1 d 0 0 0 0 0 0 1 0 1 a 0 1 0 o m r q 0 0 0 0 0 0 0 0 0 0 0 0 0 1 0 0 1 v 0 0 1 m e 0 f 0 1 d 1 1 1 b x 0 0 1 0 1 x 0 0 0 0 0 w 0 v 0 0 0 0 0 v 0 q q 0 0 e s m 0 a n 0 u 0 0 0 1 n 1 1 0 0 0 c m 0 0 1 0 1 0 0 0 
0 j 1 1 0 1 u 1 e 0 0 0 1 0 1 0 0 0 o 0 0 1 0 0 0 0 0 0 0 0 0 0 m g 0 0 1 0 0 0 0 1 0 0 a 1 0 u 0 0 0 c 0 1 0 1 0 0 1 z 0 x 1 0 i 0 0 u 0 g w 0 0 0 z 0 l 1 g n 1 o 0 0 1 0 0 0 0 0 1 0 1 1 1 0 0 y 0 1 h 1 m 1 0 0 0 1 0 s 0 0 0 1 0 0 0 a 0 x 0 0 e 0 0 w 1 0 0 0 w x 0 1 0 1 1 0 d 0 0 1 0 0 1 e 1 z 0 0 
0 g j 0 0 0 j 0 g 0 0 y 0 w 0 k x 0 0 k 0 1 0 m 0 0 0 0 n 0 0 0 o z 0 0 1 0 0 0 m 1 m 0 1 1 0 0 0 0 z j 0 1 0 1 l 0 1 d t 0 1 0 c 0 a 0 0 0 a 1 0 f 0 0 0 b 0 0 0 0 0 0 0 o r 0 x t g 0 d 0 p v 0 0 0 0 0 0 s 0 h 0 g 0 0 0 o 0 l 0 0 0 0 y 0 n 0 0 o q 0 0 0 0 i 0 0 0 0 0 0 0 0 0 o f 0 v 0 0 1 0 1 0 0 0 
0 j 1 1 0 s g 1 0 0 w 0 0 0 0 y 0 0 q 0 0 1 k 0 0 0 0 0 0 0 0 r 0 s n 0 s 0 y 0 0 0 0 0 0 0 w u 0 0 0 0 0 0 t n 0 0 0 0 0 0 s s 0 0 c 0 0 0 0 0 n 0 i 0 0 0 0 0 0 0 0 h 0 0 0 z 0 p 0 0 0 0 g 0 0 g u i q 0 0 0 m 0 a e 0 0 0 0 w j s 0 0 0 0 0 0 0 1 0 1 j 1 e 0 g x 0 0 1 0 1 1 0 0 0 0 1 0 r 1 1 1 f 0 g 
0 0 1 1 0 1 0 1 0 0 0 s 1 y 1 i i 0 0 1 0 1 0 0 f 0 o g r o 0 n 0 0 h k u 0 0 0 k 0 0 c j s 0 0 m 0 0 0 0 0 0 0 0 0 p z k 0 y 0 0 0 l f 0 0 0 0 0 0 0 0 h r 0 0 0 0 0 0 h 0 0 0 0 u 0 0 1 1 1 0 1 0 a v k 0 0 0 x 0 k 0 j 0 0 0 0 0 0 0 0 0 0 0 0 0 0 m a q 0 0 0 0 0 0 0 1 i 1 1 w 1 0 0 1 0 p 1 1 1 0 1 0 
0 0 1 1 0 1 0 r 0 0 s 0 0 q 0 l 0 0 q 0 p h n 0 0 g 0 0 0 0 n 0 w 0 0 0 0 0 0 0 0 0 0 0 0 0 0 0 0 0 y r p v 0 0 0 t i b 0 0 0 0 0 0 o c 0 u k 0 0 0 0 w 0 c s 0 0 v 0 0 0 0 0 h z 0 0 0 u 0 0 v 0 t t n 0 0 0 0 0 0 0 0 0 0 0 h 0 0 0 0 p 0 f r x 0 0 m e 0 0 0 w n u 0 0 0 p 0 0 0 0 0 k 0 0 0 1 1 1 0 1 0 
0 n 1 z q 1 0 1 w y u o 1 1 1 0 0 0 0 0 0 1 0 0 r 0 0 d k f z 1 e l 0 1 1 f 0 r 0 1 c 0 1 0 x 0 0 0 d 0 0 1 0 1 0 0 1 0 0 0 0 g l 0 0 0 0 t 0 0 0 a 0 0 0 0 0 0 x s h 0 0 0 0 0 0 0 0 0 0 0 k 0 0 0 0 1 0 1 0 1 0 0 0 0 0 j 0 0 0 w 0 0 0 0 0 0 0 f 0 l 0 0 0 m 0 f 0 0 0 x g m 0 0 0 0 a 0 i 0 0 r 0 0 1 0 
0 0 1 0 k 1 0 1 0 0 z z u q 0 0 h 0 0 0 0 0 0 0 0 u 0 0 0 s v 0 0 0 0 0 0 0 0 0 0 0 0 c 0 0 0 0 i 0 0 0 0 0 0 0 0 0 0 q b 0 f 0 0 a 0 0 v 0 0 m v 0 0 0 0 0 0 0 0 0 0 0 g p 0 0 0 0 0 0 r 0 0 0 0 0 0 0 0 0 m 0 0 0 0 e 0 0 0 0 u 0 0 0 h 0 0 0 z l 0 0 j 0 1 0 1 0 i 0 0 s 0 0 0 0 1 b 0 1 0 0 1 1 1 0 1 0 
0 0 0 0 0 g 0 0 0 0 0 0 0 0 b 0 0 0 a k 0 0 y j 0 b 0 d 0 0 0 0 i 0 b 0 0 c e p 0 0 a 0 0 0 0 0 0 0 0 0 0 0 0 0 0 0 0 w 0 0 u 0 a 0 c 0 w 0 e 1 0 o 0 0 0 0 l 1 1 0 o 0 0 0 0 i 0 v 0 0 0 e u 0 0 0 o 0 p 0 0 0 0 0 p 0 0 0 o 0 0 0 p n 0 0 c 0 0 w 1 0 1 0 1 0 1 0 0 0 0 1 0 1 1 0 1 0 m 1 0 0 1 1 1 0 1 h 
0 0 1 0 0 w 0 0 0 0 0 0 0 0 r 0 0 0 0 h 0 0 0 0 0 0 0 0 0 0 0 0 0 0 0 0 c 0 0 0 0 0 0 0 0 0 0 0 0 0 0 0 0 0 0 0 u 0 0 v 0 j g 0 0 0 0 0 0 0 0 i 0 0 0 t 0 0 h 0 d t h 0 0 i g 0 0 0 0 v 0 s 0 d 0 0 q x 0 0 0 s 0 e h s 0 0 0 0 0 0 z r 0 f 0 0 i 0 1 0 1 1 1 z 1 0 b n 0 1 d 1 1 0 1 0 0 1 0 0 1 1 1 u 1 p 
0 0 y 0 0 u 0 0 0 0 0 0 0 0 0 0 u 0 0 0 0 y 0 y 0 0 0 0 w a h 0 0 0 0 0 0 0 0 e 0 0 k 0 0 0 0 0 0 a 0 0 0 0 0 p c 0 i 0 z 0 l p o b l 0 k 0 i 0 e 0 b u 0 0 b 0 0 0 v 0 h 0 0 0 0 0 i 0 0 r 0 0 0 0 0 0 t 0 0 0 0 0 0 0 l 0 0 0 0 u w 0 0 0 0 0 g 0 0 0 o l u g 0 e t 0 0 0 l 0 t r 0 0 m 0 0 0 s 0 q 0 0 0 
0 0 1 m 0 1 x 1 0 0 0 0 1 1 1 g 0 0 0 0 0 0 0 c 0 0 p t 0 0 n 0 0 b 0 h 0 s q 0 0 0 s 0 0 0 0 0 l p 0 0 0 m f 0 s 0 s b z h k 0 0 n 0 g 0 0 0 s 0 0 z f 0 0 u c 0 0 w s 1 0 0 n 0 n 0 0 0 0 0 f s 0 r 1 0 0 1 1 0 0 x n 0 f d p 0 0 j 0 0 0 a 0 0 0 1 i 1 1 1 a d 0 o r z 1 0 1 1 j 1 0 0 1 0 a 1 1 0 0 1 0 
f 0 1 0 k 1 0 1 0 0 u 0 1 1 1 0 t 0 0 0 0 0 0 0 0 0 0 0 u 0 0 0 o 0 0 a 0 0 0 0 o x 0 g 0 c 0 0 0 0 0 j 0 0 0 0 0 0 p 0 0 0 0 d 0 0 0 0 0 n m 0 0 0 0 g f 0 0 0 0 0 0 t 0 e n s 0 0 1 1 0 1 1 1 1 q 0 1 0 0 1 1 0 0 l f y 0 0 1 0 x 0 0 a w 0 0 0 0 1 0 1 1 1 0 1 0 t 0 0 1 0 1 1 b 1 g 0 1 p 0 1 1 c 0 u 0 
0 u 1 x 0 1 0 1 0 0 0 0 1 1 1 e 0 0 0 v 0 1 0 0 t o b 0 0 0 0 d 0 0 0 e 0 m 0 0 0 u 0 0 w m 0 t 0 0 0 0 0 f 0 0 0 0 0 0 0 z 0 0 0 s 0 j 0 0 0 0 0 0 0 0 0 0 t 0 0 0 0 x 0 a 0 0 0 0 0 0 u x 0 0 m 0 a 0 i 0 0 j 0 p 0 h 0 0 0 y 0 0 x 0 0 0 0 0 0 0 0 0 y 0 0 0 0 l 0 p 0 1 0 1 1 0 1 0 0 1 0 0 1 1 0 0 0 0 
f 0 t 0 s 0 0 0 0 i a i 0 0 0 0 0 0 a r 0 0 h e 0 l 0 0 f 0 t 0 0 y k 0 0 m 0 b m k 0 0 0 0 0 0 q 0 m 0 0 x a 0 0 0 0 0 k 0 1 1 i 1 i 0 1 0 0 1 0 1 0 0 0 0 x 0 0 0 0 0 0 l w 0 0 0 0 0 0 0 l 0 m o l r f 0 0 0 d i 0 0 0 0 a 0 m q 0 w g 0 0 0 0 0 0 d b 0 r 0 0 k 0 0 0 1 0 1 1 0 1 x 0 1 0 0 1 1 i 0 0 0 
o 0 1 u 0 1 0 1 p l 0 0 1 1 1 0 0 0 0 0 0 1 0 0 0 0 0 t 0 0 0 0 b y j 0 r 0 0 0 r w 0 s 0 0 0 0 0 0 0 0 0 0 1 1 x 0 1 0 0 i 1 a 0 0 0 j 0 0 0 0 0 0 m 0 0 0 0 0 0 0 0 g 0 0 0 0 0 0 0 b 0 j x 0 0 m 0 0 0 e 0 s v g x 0 0 0 0 0 l 0 0 i 0 0 0 p 0 n 0 0 b 0 g 0 0 0 0 0 0 c 0 v 0 0 h t 0 y 0 0 0 0 0 g c 0 
1 o 1 0 0 1 0 0 0 z 0 0 q 0 d h 0 0 e 0 0 0 0 0 0 v d r 0 0 0 0 0 g 0 0 0 0 y i 0 0 0 n 0 x 0 0 f k 0 0 0 y u 0 0 0 0 0 0 t 0 l 0 0 0 p 0 0 0 0 0 0 b l 0 0 0 0 g 0 s y 0 0 0 0 0 0 d 0 0 0 0 0 i 0 0 0 j p 0 0 0 i 0 0 0 p 0 0 0 n 0 0 q p p 0 0 0 0 0 0 t 0 c 0 h 0 y w 0 0 0 r 0 0 0 0 0 0 0 1 1 0 0 0 0 
1 0 1 0 u 1 u 1 0 0 0 0 1 1 1 0 0 0 1 0 0 1 e m 0 m 0 u 0 0 0 1 1 1 1 a 1 1 0 0 t 0 n w 1 1 0 1 j 0 0 1 1 1 1 h 0 0 0 0 0 r 0 0 0 0 0 0 k 0 0 0 0 k 0 0 m 0 k i 0 i 0 0 0 0 0 0 a 0 0 x 0 f 0 0 1 j 0 1 r t 1 0 0 0 g n 1 y 1 1 0 1 0 z q 0 0 0 0 0 1 k 1 1 1 y 1 u 0 0 r 0 a 1 1 0 1 p 0 1 b 0 1 1 1 y o 0 
1 0 1 0 0 1 x 1 0 0 0 0 1 1 h 0 l y q 0 0 0 a 0 0 y 0 0 0 0 h 1 1 1 1 0 1 1 0 0 o 1 1 0 0 0 h 0 0 0 0 0 0 0 q 0 0 0 0 0 0 0 0 0 0 0 s 0 0 v 0 0 0 0 0 z 0 0 0 n 0 0 0 0 c 0 0 k 0 d c w 0 k 0 0 0 h 0 0 0 d 0 0 0 z a 0 0 q 0 b 0 0 0 g m y p 0 0 0 v 0 0 0 0 0 0 0 z 0 n 0 c 0 b 0 1 0 0 x c 0 1 1 1 0 0 f 
1 0 1 0 0 1 0 1 w 0 0 0 1 1 1 0 a 0 1 0 0 1 0 0 0 0 0 0 u 0 0 1 1 1 1 0 1 1 m 0 0 1 1 u 1 1 0 1 0 1 0 0 1 1 1 1 1 q 1 i 0 g 1 1 1 1 0 g 1 t 0 1 s 1 0 0 0 0 s 1 1 0 0 1 1 0 0 0 1 0 1 1 g 0 1 1 1 1 v 1 0 a 1 g o m 0 l 0 0 0 0 d o 0 0 0 0 0 0 0 0 s 0 n 0 t 0 0 0 0 d 0 0 0 n 0 0 1 w z 0 1 0 1 1 1 t 0 g 
1 0 1 0 v 1 0 1 f 0 0 0 0 0 0 p 0 t 0 0 s 0 0 n 0 o 0 k 0 0 0 l 0 0 0 0 0 0 x 0 0 t 0 o 1 1 0 1 0 1 0 e 1 1 1 1 1 b 1 1 0 0 1 1 1 1 r 0 1 0 0 1 j 1 0 0 0 0 0 1 1 0 0 0 0 0 g 0 0 f 0 0 0 k 0 0 0 0 s 0 0 0 p 0 0 0 l 0 h 0 0 0 0 0 0 0 0 0 e 0 0 0 0 0 0 0 0 0 0 0 0 0 0 g 0 0 q 0 k e 0 w 0 0 0 v a 0 0 0 
a 0 0 0 k s 0 1 1 0 0 k 0 a 0 j 0 0 0 0 d c 0 l z 0 x e 0 0 0 0 a 0 0 0 0 0 0 0 0 0 0 0 0 0 0 v 0 0 0 0 0 n 0 0 0 0 0 0 0 a 0 0 p r 0 0 o 0 0 0 h 0 0 0 0 g 0 0 w f 0 f 0 0 0 0 0 n 0 0 0 g 0 0 j 0 y g t 0 0 n 0 e e 0 0 0 e j 0 0 0 0 0 0 0 0 a 0 y 0 x p p 0 u 0 0 0 0 1 0 1 1 0 0 0 0 0 i 0 q 0 i p 0 0 
1 o 1 b 0 1 0 1 1 0 i x 1 1 1 0 0 0 1 0 0 1 1 y 0 0 q 0 v u 0 0 m 0 0 n 1 1 0 0 0 1 e 0 1 1 y 1 0 1 o y 1 1 1 1 1 0 1 1 0 r o 1 1 1 i i 1 0 l 1 1 1 0 0 0 v 0 1 1 a h 0 0 0 0 n w 0 0 0 h 0 r 0 0 0 0 e 0 o t o 0 0 0 0 0 0 g 0 0 0 a 0 0 0 0 b 0 0 0 0 1 1 1 0 1 z r 0 1 1 0 1 1 0 t 0 0 0 1 0 1 1 1 m 0 0 
0 o 0 c 0 0 y u f 0 0 j 0 w g 0 m w d 0 0 0 0 0 0 0 0 0 0 0 0 j 0 c 0 0 y 0 c 0 0 0 0 0 0 n n g 0 0 e 0 0 0 q 0 v n 0 0 j 0 0 0 0 0 0 p l 0 0 0 0 0 0 0 0 0 n g 0 0 b 0 0 0 k g 0 0 m t x g t 0 0 0 0 0 y 0 0 g 0 0 0 y 0 0 p 0 0 0 0 0 e 0 k 0 0 b 0 d 0 1 1 0 1 0 0 g 1 1 i 1 1 0 0 p 0 0 1 0 1 1 1 0 d 0 
1 0 1 0 0 1 0 0 1 0 r c 1 u 0 d 0 0 1 0 0 1 1 0 0 0 1 0 0 1 0 1 1 1 0 0 1 1 0 0 0 0 0 b o 0 0 f 0 0 0 w 0 0 0 h 0 0 j 0 0 0 0 0 0 i 0 0 0 0 0 0 0 0 z 0 0 0 0 0 0 l 0 c k r 0 0 v 0 0 p 0 0 0 d 0 0 0 0 a 0 i k 0 0 0 0 0 0 m 0 0 0 i l 0 0 0 0 0 w 0 y c i 0 0 0 0 a 0 p s 0 b 0 0 h 0 0 0 b g 0 0 1 p 0 b 
1 0 1 0 0 1 0 0 1 0 0 0 1 1 1 t d q 1 0 1 1 1 0 x 0 m 0 1 1 0 0 0 0 d 0 0 f 0 0 0 0 0 j 0 0 0 0 0 u 0 0 0 0 0 0 0 0 d 0 0 0 0 0 w k r 1 1 0 1 1 1 1 0 1 1 0 c 1 1 0 j 1 1 0 0 0 0 0 0 0 0 0 s r 0 d 0 0 r 0 0 0 0 0 1 0 1 0 1 1 0 1 0 0 g 0 0 0 0 0 0 m 0 0 0 0 v 0 0 0 0 0 0 0 s x 0 0 c 0 0 0 1 1 1 0 0 c 
1 e 1 0 0 1 0 a 1 0 0 e 0 0 0 0 m 0 0 0 0 0 0 0 0 n 0 n 0 0 0 0 0 0 0 0 0 h 0 0 0 l 0 0 z r b 0 0 r 0 0 h m 0 0 0 0 1 1 l s 1 1 1 1 0 1 1 1 1 1 1 1 0 1 1 b 0 1 1 0 o 1 1 k 0 1 1 0 1 1 0 f 1 1 1 1 0 1 1 0 1 o 1 0 1 0 1 i 1 1 0 1 0 0 w 0 1 0 0 0 1 0 1 1 1 n 1 0 1 0 1 1 0 1 1 l 0 q 1 0 1 t 1 1 1 a b o 
1 0 1 0 m 1 0 0 1 0 0 v 1 1 0 0 c 0 m 0 0 0 d 0 s n 0 0 0 0 0 0 0 h n 0 b 0 w 0 e 0 0 0 0 0 0 e 0 0 0 0 0 0 0 0 0 0 0 0 q 0 0 0 0 0 0 f i l n k a 0 0 0 h 0 0 u 0 0 n 0 0 0 0 u 0 0 0 0 c 0 0 0 1 1 0 1 0 0 0 0 n 0 u 0 t 0 0 0 0 0 0 0 0 y q v x 0 k p 0 0 m 0 0 0 0 q 0 0 0 0 0 f s f p i t 0 0 0 t 0 f 0 
1 0 1 l b 1 0 i 1 0 f 0 1 1 1 0 0 0 1 0 h 0 g 0 j 0 a 0 0 i w 0 0 0 0 0 t 0 0 l d 1 f 1 1 1 0 1 0 0 0 j 1 1 0 1 1 0 0 0 p 0 0 u g 0 u c 0 p 0 0 0 0 t 0 0 0 0 0 0 s 0 0 0 c s 0 0 0 0 0 0 0 x 0 0 i 0 0 0 e 0 0 x 0 0 0 0 0 u 0 u b d 0 g 0 0 h o v 0 c c 0 0 0 c 0 0 0 s 1 0 1 1 k 0 1 1 0 1 0 1 1 1 0 0 0 
1 x 1 0 n q 0 m 0 0 0 w 0 0 0 0 r u 0 o 0 0 0 v 0 0 u 0 0 f 0 0 0 0 b 0 a 0 q 0 0 0 0 0 a 0 0 i v 0 o 0 0 0 e 0 0 m l h 0 0 0 h s 0 o 0 s 0 0 i 0 0 0 c 0 0 0 0 0 0 0 i 0 w 0 e 0 o 1 h 0 x 1 0 0 0 0 u 0 0 d 0 0 g 0 0 0 0 n 0 0 0 d w r 0 0 v b 0 0 0 h 0 l d j 0 0 0 0 d 0 1 1 0 0 1 0 0 0 0 0 0 m b p 1 
m 0 1 0 e 1 t 0 1 d 0 0 0 0 0 k 0 0 0 0 w 0 t o 0 m 0 0 0 f 0 0 f 0 0 o 0 0 0 0 f 0 0 e 0 e n b y z 0 0 0 0 h 0 0 0 h 0 0 0 r w 0 0 0 0 0 0 k b v 0 0 0 0 0 0 0 0 0 j x 0 0 l e v 0 0 v 0 l 0 0 0 0 e 0 u 0 0 0 0 0 i 0 0 0 0 w 0 0 0 p g 0 0 0 0 h 0 0 e 0 d m 0 0 q 0 0 0 0 0 b 0 0 0 0 o 0 0 0 1 1 0 1 1 
t 0 r s e 1 0 0 c 0 k 0 0 0 0 0 0 0 0 0 0 0 0 w 0 0 0 0 0 0 a 0 0 u 0 0 0 x 0 0 0 0 0 d 0 0 0 m j 0 0 0 0 0 0 0 b p k x 0 0 0 r 0 0 0 0 0 0 x t h g 0 0 0 j 0 e w 0 0 0 m 0 0 0 0 0 0 0 g 0 b 0 0 0 0 0 0 0 0 0 0 z m h z 0 0 0 0 0 y 0 0 0 p s 0 f 0 w 0 0 0 i 0 z 0 0 0 0 0 0 c 0 0 0 1 0 1 0 0 1 1 0 1 1 
1 1 1 0 0 1 0 0 1 1 0 1 1 1 a a 0 0 1 0 1 e 1 1 1 0 1 0 1 v w 1 1 1 0 1 0 0 0 1 0 1 1 1 1 1 0 1 h y 0 0 1 1 1 1 1 0 1 1 a s 1 1 1 1 0 1 1 1 1 1 1 1 0 0 x 0 e 0 0 0 n 0 f 0 0 0 x 0 0 j 0 0 s 0 0 u 1 1 1 0 1 1 1 1 1 1 0 1 1 0 0 0 0 f b a t 0 0 0 t 0 0 0 0 0 0 0 y 0 0 0 a 0 0 o j 0 0 0 o f a 0 0 0 1 1 
1 1 1 b 0 1 0 0 1 1 0 1 1 1 1 0 0 0 1 0 1 r 1 0 0 0 0 u 0 w p 0 0 0 0 0 o 0 y 0 0 0 0 0 i 0 0 0 0 b d 0 0 0 0 0 s 0 0 0 0 0 0 0 a 0 0 0 0 c 0 0 0 0 r v z 0 s 0 u 0 0 b 0 0 0 x 0 0 0 w 0 0 0 x 0 0 0 u 0 i o c j 0 0 0 0 0 0 0 0 u 0 0 0 0 0 0 0 q 0 0 c 0 0 0 d 0 r 0 0 w i 0 k 0 0 l 1 q 1 0 0 1 1 0 1 1 
1 1 1 n 0 1 0 h 1 1 f 1 1 1 1 0 0 0 0 0 l 0 0 r o 0 u 0 1 1 1 1 1 1 f 1 c i 1 1 0 1 1 1 1 1 r 0 w 0 0 0 0 f o 0 0 0 0 l a 0 0 0 u r 0 0 0 d 0 0 v 0 l 0 x 0 0 n 0 l i 0 0 0 0 0 0 0 0 0 0 t t 0 0 0 0 e 0 0 0 1 1 1 1 0 n b o 0 0 0 0 0 0 0 0 0 0 0 0 0 w 0 k 0 l 0 u 0 s 0 0 1 1 1 m 1 1 k 1 0 0 0 0 b 0 0 
l 0 o 0 0 0 0 m 0 z 0 y 0 0 0 0 0 0 1 1 1 0 1 1 1 0 z 1 1 1 1 1 1 1 0 1 0 1 0 0 p g 0 0 s 0 0 i t 0 y 0 z j 0 0 w 0 0 j 0 t d 0 0 c 0 0 0 0 0 d 0 p 0 0 0 n 0 z 0 0 0 l 0 0 a p 0 0 0 u n 0 0 0 f 0 0 0 0 0 b 0 p s l 0 0 0 q z k i k 0 0 0 1 0 1 1 1 1 1 1 1 0 q 1 1 1 1 1 1 1 1 1 0 1 1 1 1 0 h 1 1 o p 1 
1 1 1 1 0 1 1 0 1 1 w 1 1 1 1 1 1 1 1 1 1 0 1 1 1 i 1 1 1 1 1 1 1 s 0 1 n 1 1 1 1 1 1 1 1 0 i 0 v 0 i k 0 0 0 0 f 0 0 y m d 0 0 0 0 0 0 0 0 k 0 0 i v b 0 0 0 b 0 x 0 e 0 b 0 0 0 0 0 0 0 0 0 0 0 0 l 0 0 0 0 0 j j 0 y 0 0 m 0 l g 0 0 0 o 0 r 0 u 0 y 0 v z 0 0 0 0 0 0 0 k 0 0 0 0 k 0 1 1 0 1 1 1 1 1 1 
1 1 1 1 1 0 u o 0 0 0 0 0 0 v s m 0 0 p 0 r 0 i 0 0 z 0 0 t 0 0 l d 0 0 0 0 x 0 0 k 0 c 0 g 0 0 j 0 0 0 b b 0 0 0 0 0 x 0 o x 0 m 0 1 z j 0 0 0 0 0 k 0 y 0 0 0 k q 0 k 0 0 s 0 0 l 0 0 0 0 z 0 0 0 i 0 t e 0 0 0 l 0 t 0 0 0 0 0 0 0 q 0 0 g 0 0 j q s 0 0 a 0 1 1 1 1 1 1 1 1 1 1 1 1 1 0 w 0 0 o c 1 1 1 
pneumonoultramicroscopicsilicovolcanoconiosis
