50 50
1 1 k 1 0 d 0 i 0 0 1 1 r 1 1 1 1 1 1 1 1 1 0 1 1 1 1 0 1 1 h 1 1 1 1 1 1 1 w w 0 1 q 0 1 1 1 j 1 1 
k 1 r 1 1 y 1 1 1 0 1 1 e 1 1 1 0 y 0 n i 0 p e 0 0 0 t 0 0 0 w 0 0 s 0 z 0 m 0 0 f 0 0 1 1 1 0 1 1 
0 1 1 1 1 1 1 1 1 0 1 1 x 0 0 g 0 0 0 0 0 g 0 0 0 0 1 0 1 0 m c 0 v p 0 0 j u 0 k 0 0 k g x e d 0 q 
0 1 1 1 f 1 1 1 0 0 0 0 b y 0 0 o 1 1 t 1 0 1 1 1 1 1 0 t 1 0 1 1 1 1 1 1 0 1 1 0 g o w 1 1 1 1 1 w 
0 1 1 1 0 1 1 1 1 f 1 1 1 0 1 0 1 1 1 a 1 0 1 c 1 1 1 c y 1 0 0 c a w 0 0 0 0 0 0 k 1 r 1 1 1 1 1 1 
0 1 1 1 0 0 v g 1 0 1 f 0 d 0 0 h 0 0 n 0 o 0 l 0 0 0 0 z 0 0 0 g 0 0 z m 0 1 1 y q 1 0 1 1 1 1 1 t 
b 1 1 j u 1 1 1 1 0 1 1 1 u 1 0 1 1 1 1 1 1 1 0 1 1 h 0 1 1 0 1 1 1 1 1 1 0 1 1 j 0 1 0 1 1 1 r 1 0 
0 p 0 d 0 1 1 0 1 v 1 g 1 0 1 v 1 1 1 1 1 1 1 0 1 1 0 0 0 0 i 0 0 t j 0 0 0 0 r 0 0 1 0 1 1 1 e m a 
0 1 1 g 0 1 1 0 1 0 0 0 0 e 0 0 d 0 t 0 0 u 0 0 t 0 0 b p 0 f 0 0 1 1 1 1 0 1 0 0 0 1 0 1 1 1 b q 1 
o 1 1 0 0 1 1 u 1 0 1 1 1 t 0 j 0 0 0 t k 0 0 0 0 0 0 0 0 0 0 0 0 0 0 b 0 0 c s g 0 0 0 0 0 0 g u 1 
0 1 1 0 i 1 0 0 0 0 0 x 0 z 0 q q 0 0 0 1 1 1 0 0 0 0 0 0 0 0 0 0 0 0 0 0 0 z e w p g 0 0 k 1 p p 1 
0 0 x 0 1 1 1 0 1 0 1 1 0 0 1 1 1 1 f p p 0 u s 1 1 0 0 1 1 0 0 0 1 1 1 1 l r b 0 0 0 0 l 0 a 0 0 1 
n 0 e l o n 0 w 0 f 1 1 r 0 0 0 0 0 n 0 0 s 0 0 1 1 1 z 1 1 b s 0 p 0 0 1 o 1 0 0 0 1 s 1 1 1 l 0 1 
0 1 r u 1 1 1 y 1 k 1 0 s 0 1 1 1 1 0 0 1 n 0 w 1 1 1 0 0 0 0 y p h i 0 1 0 1 a d p 0 n f 0 0 0 0 1 
g 1 0 q g 0 0 0 0 0 0 0 0 0 0 0 0 0 w c n 0 0 0 w f 0 0 0 0 0 u 0 0 0 0 0 o q 0 0 0 v 0 1 1 1 0 g 1 
1 1 c l 1 p 0 a 0 g b x 0 0 0 0 0 0 m s 0 0 0 j 0 0 0 0 0 0 0 0 0 0 w 0 c e 1 0 b g 0 0 1 1 1 0 k 1 
1 1 0 0 1 1 h 0 1 c 1 f j 0 1 1 0 i 1 s n e 0 0 z u 1 0 v d 1 0 0 1 1 1 1 f 1 0 0 0 a 0 k q 0 0 0 n 
0 0 j 0 0 0 0 0 0 0 0 0 p 0 0 0 0 0 g 0 0 r 0 0 u q t j 0 0 r 0 0 0 n d n b 0 0 0 0 0 o 1 1 f 0 0 1 
t 0 0 0 0 x l 0 0 0 0 0 u 0 0 0 b t n h 0 0 x 0 g 0 0 0 0 a q n 0 0 0 0 0 0 k 1 0 v 0 0 1 1 0 0 0 1 
1 1 c 0 z 1 q 0 1 0 1 0 0 0 1 1 a 0 1 0 1 j 1 0 1 1 1 m u h 1 k 0 1 1 1 1 s 0 1 l s 0 0 1 1 z 0 t 1 
1 1 0 0 z 1 0 0 1 e i 0 k 0 0 i d a j 0 0 z 0 g 0 f 0 0 b 0 0 0 0 n 0 0 0 0 u j 0 0 0 0 c m 0 0 0 1 
0 0 0 0 0 0 0 l 0 w q 0 0 0 0 o 0 0 0 0 g 0 0 q 0 v 0 i 0 c 1 0 x 0 1 1 1 o 0 1 l e 1 0 1 1 1 y q 1 
1 1 0 0 0 1 0 0 1 0 1 0 0 g 1 1 b 0 0 0 z 0 j 0 0 f 0 d 0 t e 0 0 c 0 g k 0 0 0 q 0 1 v 1 1 1 0 0 1 
q 1 0 0 t o 0 0 w 0 0 0 0 0 r s u 0 0 0 0 0 r 0 o 0 f y 0 0 0 0 0 0 0 0 0 s 0 1 0 0 1 0 1 1 1 0 0 1 
b 1 n k 0 1 0 z 1 l 1 i b 0 1 1 1 0 1 0 t 0 0 a m r 0 0 0 0 0 0 p 0 0 m 0 z 0 0 0 i 0 m 0 0 j h i m 
1 1 0 0 0 m v 0 0 0 0 0 x c 0 0 r 0 1 0 1 0 0 1 1 1 1 1 0 k 1 0 d s 1 0 p 0 v 0 t 0 h r 0 1 1 0 x 1 
1 1 1 0 g 1 q c 1 0 1 1 0 0 1 1 0 0 1 0 1 y 0 1 1 1 1 1 h h 1 0 l 0 1 1 1 1 0 1 0 0 1 u 1 1 1 p 0 1 
1 1 1 0 y 1 0 t 1 0 1 1 0 0 0 0 0 0 0 v i 0 0 x o 1 1 1 c 0 1 c 0 o x 0 0 k 0 l 0 0 0 0 q 0 0 0 d 0 
1 1 1 0 0 1 1 x 1 x 0 c 0 0 0 0 0 0 0 0 c y 0 0 0 0 u w x q 0 z 0 r 0 0 0 u g 0 r 0 c g 0 0 p b 0 1 
0 1 1 0 1 1 1 0 1 r 1 1 d 0 f 0 s 0 0 f 0 0 h 0 y 0 h 0 t 0 1 0 0 0 1 1 1 1 0 1 0 1 1 0 1 1 1 0 0 1 
o 1 1 t 1 1 1 0 1 1 1 1 0 0 1 1 0 g 0 i s m 0 0 a 0 e 0 0 0 0 0 h u 0 0 f 0 0 0 0 1 1 0 0 1 1 p 0 1 
l 1 1 0 0 0 z f u 1 1 1 0 k 1 1 h 0 1 m 1 0 0 l y 0 0 0 0 0 0 0 0 x n 0 0 0 0 w b v u 0 0 e 0 0 0 1 
0 0 0 g o t 0 u 0 0 0 x 0 l b 0 e x 0 z f 0 w 0 b 0 0 m 0 1 1 0 0 0 1 1 1 1 w 1 0 1 1 k j z 1 0 0 1 
q 1 1 0 0 0 f o l 0 0 0 0 0 0 0 0 o 0 0 0 a 0 0 0 f 0 v b 0 0 0 o 0 s f 0 0 0 1 p 1 b 0 n 0 0 0 y o 
0 1 1 0 1 1 0 u 1 1 1 1 0 y 1 1 0 y 1 0 1 1 0 1 1 1 1 1 w 1 1 s p 0 1 1 1 1 0 1 0 1 1 i p v e 0 a 1 
0 1 1 0 1 1 z 0 1 1 1 1 1 0 1 1 0 n 1 0 1 1 z 1 1 1 1 1 a 1 1 0 0 e 1 1 1 1 0 1 0 1 1 0 n 1 1 0 0 0 
0 0 n c j 0 0 0 0 0 0 0 d j 0 0 d a 0 0 j n 0 a 0 1 1 1 0 1 1 0 z 0 1 1 1 1 0 1 1 1 1 0 0 1 1 h 0 0 
0 1 1 0 1 1 d 0 0 0 a x 0 p 0 0 0 d 0 h v 0 y 0 0 0 0 0 0 0 j 0 e b y 0 p 0 0 h s i 0 0 0 0 o 0 s q 
k u 0 0 1 0 0 e x 0 u 0 g p 0 j 0 k 0 g 0 0 0 0 0 0 m 0 v 0 r 0 0 m 0 h c 0 m 0 0 0 m 0 0 x f 0 e h 
1 1 1 0 1 1 l 0 1 1 1 1 1 c 1 r 1 0 0 f 0 0 l 0 0 0 0 0 0 d 1 z 1 r 1 1 1 1 0 1 1 1 1 x 1 1 0 0 0 0 
t g 1 0 1 1 0 1 1 1 1 1 1 0 1 0 0 q 0 0 0 0 c 0 x e 0 0 0 0 k 0 i 0 0 0 0 0 0 0 0 0 t d 0 0 0 0 g v 
1 1 1 0 1 1 1 1 1 0 1 1 1 a 1 d 1 0 0 0 0 d 0 t y 0 h 0 0 v q z 0 0 c 0 1 1 0 0 h 0 d 0 b 0 z a 0 0 
1 1 1 0 1 1 1 1 1 u 1 1 1 u 1 0 1 0 1 1 1 1 0 1 s b 1 0 0 1 1 0 1 h 1 1 1 1 0 1 0 1 1 0 1 1 m 1 j s 
1 1 1 f 1 1 1 1 1 0 1 1 1 p 1 0 1 0 1 1 1 1 u 1 1 1 1 0 0 1 1 0 1 0 1 1 1 1 c 1 0 1 1 0 1 1 1 1 0 1 
1 1 1 1 1 1 1 1 1 0 1 1 1 0 0 0 e 0 0 d 0 0 0 0 0 1 1 l w 1 1 z 1 0 1 1 1 1 0 1 0 1 1 0 1 p 1 1 0 1 
1 1 1 1 1 1 1 1 1 c 1 1 1 0 1 1 0 s 0 0 0 0 0 0 0 0 g 0 v 0 0 y 0 0 u 0 i u 0 x 0 0 0 a 1 a 1 1 1 1 
1 1 1 1 1 1 1 m 1 o 1 1 1 d 1 1 1 0 1 q 1 1 1 1 i n 0 x 0 c 1 0 1 0 1 1 1 1 w 1 j 1 1 0 1 0 1 1 1 1 
1 1 w 0 0 r m 0 0 r x 0 l 0 j 1 1 1 1 1 1 1 1 0 0 0 h d 0 0 0 0 0 q 1 1 1 1 0 1 y 1 1 0 1 0 1 1 1 1 
1 1 1 1 1 1 1 0 1 0 1 1 1 1 1 1 1 1 1 1 1 1 1 1 1 1 0 0 1 1 1 y 1 0 1 1 e 0 0 0 0 y 0 w 0 0 0 0 c 1 
1 1 1 1 0 0 n 0 0 k 0 0 0 0 0 v 0 0 0 0 0 0 0 0 0 0 n 1 1 1 1 0 1 1 1 1 1 1 0 1 0 1 1 1 1 1 1 1 1 1 
computer
