48 49
1 0 d x 0 0 0 v b 0 x 0 0 0 0 p 1 1 1 1 o 1 1 1 z 1 1 1 1 1 1 1 l 1 1 1 q 1 1 1 1 1 1 1 1 1 1 1 1 
1 1 1 1 1 0 0 0 0 0 0 1 0 0 f 0 0 c 0 0 0 0 c 0 g 0 0 0 c 1 1 1 p 1 1 1 b 1 1 1 1 1 1 1 1 1 1 1 1 
1 1 1 0 h 1 i 1 1 p 0 i 1 1 1 1 1 0 i 1 0 1 1 1 1 1 1 1 1 1 1 1 0 1 1 e q 1 1 1 1 1 1 1 1 1 1 1 1 
0 0 d 0 p 0 0 0 d i 0 0 0 0 0 f 0 d w k c 0 0 0 q p 0 0 e 0 z 1 b 1 1 1 1 0 y 0 0 p 0 1 1 1 1 0 1 
0 1 1 0 z c 0 c 0 p 0 0 0 0 0 e 0 0 0 0 0 t 0 f 0 0 y 0 1 1 1 1 c 0 0 0 0 j k b 0 j 1 1 1 1 1 0 1 
o 1 1 0 1 1 d 0 0 u 0 o 0 t g 0 0 g d c q 0 0 0 0 0 0 0 0 i 0 f t q 0 e 0 0 w y 0 0 0 0 0 c k 0 1 
1 1 1 0 1 1 g 1 1 1 y 0 0 1 1 0 1 0 1 1 0 s 0 0 j 0 p 0 0 0 y 0 0 0 i 0 j 0 0 0 0 0 0 x 0 0 0 g 1 
1 1 1 0 1 1 0 1 1 1 0 0 0 1 1 d 1 0 1 1 c 1 1 1 x 0 1 1 0 1 0 j 0 1 0 1 1 1 1 t 1 1 0 1 1 1 e p 1 
1 1 1 0 k 0 u 0 0 0 0 0 0 0 0 0 0 v j 1 j 1 1 0 0 0 1 1 0 1 v 0 0 q m 1 1 1 1 0 1 1 0 1 1 1 0 c 1 
1 1 1 x q 0 0 0 s 0 0 t p x j 0 q q q 0 0 0 0 0 0 0 0 1 0 1 l i 0 q l 1 1 1 0 g 1 1 0 1 1 1 l e 1 
1 1 0 h 0 1 1 1 1 0 s 0 0 1 q 0 0 0 1 1 0 1 1 0 0 0 1 1 0 1 0 0 0 0 0 0 l 0 q 0 o 0 0 0 1 1 y 0 1 
1 1 1 0 1 1 1 1 1 t n o 0 1 0 d s 0 1 1 o 1 1 0 u 0 1 1 i 0 0 0 0 0 0 o c 0 0 0 w 0 g b 1 1 0 0 o 
1 1 0 0 1 0 0 0 b c 0 0 0 0 a 0 b 0 1 1 m 1 1 0 0 d 0 e 0 0 0 0 0 0 x j f 0 0 0 0 0 d a 0 0 g 0 0 
1 0 0 0 0 0 0 0 0 0 0 1 0 0 0 0 k 0 p o 0 0 0 n a 0 1 1 0 1 1 l 0 c h 0 1 1 k e d 1 0 x 1 0 0 0 f 
1 k 0 0 0 r 1 1 1 0 y 1 0 1 o 0 0 w l 0 0 d 0 0 t 0 x 0 0 1 1 0 0 u 0 0 1 1 e 0 0 1 0 0 1 0 0 0 1 
1 1 c 0 1 0 1 l 1 w 0 1 0 w 0 0 0 0 0 w 0 h t f 0 0 0 l 0 0 d 0 0 0 0 w 0 q 0 0 0 0 0 0 0 0 1 0 1 
1 1 0 v 1 1 1 0 1 0 u 1 0 0 0 0 0 0 d 0 0 0 0 q s 0 u n c 0 b z q j w h 0 0 c 0 0 1 0 1 1 0 0 0 1 
1 1 0 0 1 1 1 i 0 0 0 r m 0 t i 0 n 1 0 0 0 0 0 e y 0 c 0 1 1 y y k 0 a 0 a 0 0 m 1 0 0 1 0 0 v 1 
1 1 1 0 1 1 1 y 0 k t 0 0 s 0 y 0 0 1 0 0 1 0 0 0 0 1 1 0 1 1 0 0 0 0 0 m 0 t 0 0 0 1 0 1 0 0 0 1 
1 1 1 0 1 1 1 m 0 d 0 1 z r g 0 0 0 0 0 t 0 0 b o 0 0 0 0 0 0 t 0 0 0 1 1 1 0 1 h 1 0 f 1 0 e 0 1 
1 1 1 s 1 1 1 u a 0 1 1 0 1 v e 0 0 1 0 w 0 b 0 0 s 1 1 0 1 1 0 0 0 r 1 1 1 0 1 0 0 0 p t 0 0 r 1 
0 0 d 0 0 k 0 0 x 0 1 1 0 1 0 n z k 1 0 n 0 0 m 0 l 1 1 1 1 1 0 0 o 0 1 1 1 0 1 0 0 0 0 1 0 0 f 1 
j 0 b d 1 1 1 0 0 0 0 0 v 0 h 0 a 0 0 0 0 0 0 0 g q 0 0 0 0 0 r 0 0 0 0 m 0 0 q 0 o 0 v 0 g 0 i 1 
1 1 1 0 1 1 1 o 0 0 1 1 u 1 o m 0 0 1 0 0 0 0 0 0 0 1 1 1 0 0 0 0 0 0 1 n y 0 0 0 v p 0 1 0 0 0 1 
1 1 1 0 1 1 1 0 m 1 1 1 s 1 0 0 p k 1 0 c 0 0 0 0 m d 0 0 r p c b 0 d 0 0 v 0 i 0 s 0 0 1 0 0 e 1 
1 1 1 1 1 1 1 0 0 1 1 1 1 1 0 n 0 1 0 b 0 z a f 0 0 1 1 1 0 0 q 0 0 r 1 1 u 0 1 0 0 0 1 1 u 0 0 1 
1 1 1 1 1 o 1 n 0 1 1 1 1 r 0 0 0 d 0 0 0 0 0 0 0 0 a 0 l z 0 0 h 0 0 0 0 0 u n 0 q 0 1 1 0 0 0 1 
1 1 1 1 1 0 1 0 k 0 c 0 0 0 g o g q 0 0 t 0 0 0 r 0 0 m u w 0 s 0 0 0 0 n p 0 0 o t 0 0 0 0 y 0 1 
1 1 1 1 1 h 1 0 1 0 1 1 0 s z i a v 0 0 0 0 0 0 0 0 0 0 0 0 0 n 0 t 0 c 0 0 0 0 q k 0 0 0 0 0 0 1 
1 1 1 1 1 p 0 0 0 q 1 1 1 1 1 j 0 1 0 0 0 b 0 1 0 h 1 1 1 0 0 0 t 1 1 1 u o 0 l p 0 a 0 1 o b 0 1 
v i 1 0 i 0 g m 0 0 0 w 0 0 0 t 0 0 r 0 0 0 0 0 f 0 0 0 0 0 n e 0 0 0 0 0 0 0 0 f l 0 1 1 g 0 0 1 
1 1 1 1 1 x l x 0 o 0 0 0 0 0 0 0 0 0 w 0 0 0 1 0 0 1 1 1 0 0 0 c 1 1 1 o 0 i q 1 0 0 1 1 0 0 0 1 
1 1 1 i n f o 0 0 0 0 i 0 0 1 g 0 0 0 q 0 0 q 1 0 0 1 1 1 0 0 0 0 j 0 0 t d 0 0 1 0 f 1 1 0 0 p 1 
1 1 1 1 1 0 c n 0 b 1 1 1 0 1 0 1 1 f 0 0 1 0 1 0 r 1 1 1 0 0 t 1 1 1 1 0 0 0 s 0 0 0 0 0 l 0 h 1 
1 1 1 1 1 t 0 0 0 0 0 0 0 0 0 s 0 0 e 0 o 0 0 0 i c 0 0 c 0 0 i e 0 e n 0 0 0 1 1 0 1 1 1 l z 0 1 
1 1 1 0 0 o 0 v 1 0 u 0 x n h i 0 k 0 0 f 0 0 t f 0 j 0 0 v f 0 0 0 0 0 u o q n 0 0 f g 1 0 0 0 1 
i n f o 0 m a t 0 o n 1 1 0 d 0 1 1 x 0 0 h 0 1 0 0 1 1 1 1 w 0 z 1 1 1 0 c 0 1 1 0 1 1 1 n q 0 1 
1 1 1 1 1 s 0 0 0 0 0 1 1 1 c c 1 1 0 o 0 0 0 1 b 0 1 1 a 1 1 a n 1 1 1 0 1 0 1 1 s 1 1 1 0 q 0 1 
1 1 1 0 a 0 0 e 0 i 0 0 0 0 f 0 l 0 0 f 0 0 0 l q 0 0 0 e 0 0 0 0 e 0 1 0 1 0 1 1 w 1 1 1 0 0 w 1 
1 1 1 1 1 0 1 h t h 0 1 1 0 c 0 i 0 0 r 0 0 g 0 0 0 d 0 0 x u 0 0 0 0 m h 0 a 0 f 0 1 s 1 0 0 o 1 
1 1 1 1 1 0 0 0 0 d u 0 0 0 0 0 0 q 0 0 x v 0 g n c y 0 0 0 0 0 r 0 0 f 0 0 0 0 w 0 g 0 0 v j 0 1 
1 1 1 1 1 v y 0 0 0 0 e w k n 1 1 1 k 0 0 0 1 1 0 0 1 1 1 0 1 0 0 1 1 1 g 1 1 1 p 0 a 0 1 0 v e 1 
1 1 1 1 0 0 0 0 0 0 0 i f m 0 s 0 k 0 0 y 0 0 0 0 0 0 0 0 0 0 d 0 1 1 1 0 1 1 1 1 0 1 v 1 0 0 0 1 
1 1 1 0 0 0 h 0 0 n r 0 0 0 0 0 0 0 0 0 v 0 w n 0 0 0 0 0 0 0 u 0 0 z a 0 0 d m o 0 i 0 0 0 0 0 1 
1 1 1 1 0 s 0 0 f z 0 0 n l 0 0 0 0 0 e 0 p 0 0 m e n 0 0 n 0 a 0 0 0 0 0 1 1 1 1 0 1 1 1 0 1 0 1 
1 1 1 i t k 0 o n w y 0 t b 0 0 0 f 0 0 0 0 j 0 s 0 0 0 0 1 1 1 d 1 1 1 0 1 1 1 1 1 1 y r 1 1 1 1 
1 1 0 0 0 a 0 0 0 p l 0 j m f v u v 0 0 0 q 1 1 1 v 1 1 1 1 1 1 t 1 1 1 0 1 1 1 1 1 1 1 1 1 1 1 1 
1 1 1 1 1 1 1 1 1 1 1 n n 0 0 b 0 0 k o x 0 c 0 0 0 1 1 1 1 1 1 1 1 1 1 1 1 1 1 1 1 0 i a 0 1 1 1 
information
