20 20
1 1 1 1 1 1 1 1 1 1 1 1 1 1 1 l j 0 0 1 
1 1 0 1 1 0 1 1 1 h 1 0 1 1 0 1 1 1 1 1 
1 1 n 1 1 s 1 j 1 x 1 0 1 n 0 i o 1 1 1 
1 1 f 1 1 0 1 a 1 1 1 0 1 l f 0 r 1 1 1 
1 1 o 1 0 l 1 1 1 1 1 0 1 1 0 f k 1 1 1 
1 1 0 1 0 y 1 1 1 1 1 0 1 1 0 o i 1 1 1 
z o 0 0 h p i i m 0 c y 1 1 0 r a 1 1 1 
1 1 a 1 0 1 1 1 1 1 1 0 1 1 0 m 1 1 1 1 
1 1 0 1 o 1 b 0 0 b 0 0 0 0 0 a m y 1 1 
1 1 0 1 0 1 1 1 1 1 1 h 1 1 i t 1 1 1 1 
1 1 0 1 0 1 1 1 1 1 1 h 1 1 0 0 1 1 1 1 
1 1 0 1 t 1 1 1 1 1 1 0 c 0 0 o 1 1 w n 
1 1 1 b 0 0 q 1 1 k 1 j 1 1 1 n 1 1 1 1 
1 1 1 1 0 1 k 1 1 b 1 e 1 1 d 1 1 1 1 1 
1 1 1 1 y 1 0 1 1 0 1 m 1 1 0 1 1 1 1 1 
1 1 1 1 0 1 t 1 1 0 1 0 1 1 0 1 1 1 1 1 
c 0 e 0 0 1 1 1 1 p 1 0 1 1 0 1 1 1 1 1 
1 1 1 1 0 1 1 1 r 0 0 0 f 1 k 1 1 1 1 1 
1 1 1 1 1 p n h 0 0 0 0 0 r t 1 1 1 1 1 
1 1 1 1 1 1 1 1 1 1 1 m 1 1 1 1 1 1 1 1 
information
