200 200
1 1 1 0 0 0 0 i 0 0 0 q z d 0 d 0 0 0 i 0 e 0 r 0 0 0 0 0 0 0 0 0 t o i 0 l 0 0 0 r 0 0 0 0 0 1 1 1 1 i c 0 p 0 0 0 0 0 z 0 w 0 o 0 h o 0 p 0 j 0 0 n 0 n 0 0 e 0 t 0 0 0 b 0 h 0 0 z 0 r b b 0 x 0 0 0 0 0 0 0 w 0 0 0 0 d 0 0 0 0 0 0 0 z 0 y 0 0 t i 0 0 0 p 1 1 1 1 1 1 1 1 1 1 1 1 1 1 1 1 1 1 g 1 x 1 1 1 1 1 1 1 1 1 1 1 1 1 1 1 1 1 1 1 u 1 1 1 1 1 1 1 1 1 1 1 1 1 1 1 1 1 1 1 1 1 1 1 1 1 1 1 1 1 1 1 
1 1 1 1 1 1 1 k 1 1 1 1 1 1 1 1 1 1 1 1 1 1 1 1 1 1 1 0 1 1 1 1 1 1 1 1 1 1 1 1 1 1 1 1 1 1 1 1 1 1 1 1 1 1 1 1 1 1 1 1 1 1 1 1 1 1 1 1 1 1 1 1 1 1 1 0 0 j 0 r 0 b 1 0 1 1 1 1 1 1 1 1 1 1 1 1 1 1 1 1 1 1 1 1 1 1 1 1 1 1 1 1 1 1 1 1 1 1 1 1 1 1 1 1 1 0 1 1 1 1 1 1 1 1 1 1 1 1 1 1 1 1 1 1 1 1 0 1 0 1 1 1 1 1 1 1 1 1 1 1 1 1 1 1 1 1 1 1 z 1 1 1 1 1 1 1 1 1 1 1 1 1 1 1 1 1 y 1 1 1 1 1 1 1 1 1 1 1 1 1 
1 1 1 1 v 1 1 0 1 1 1 1 1 1 1 1 1 1 1 1 1 1 1 1 1 1 1 0 1 1 1 1 1 1 1 1 1 1 1 1 1 1 1 1 1 1 1 1 1 1 1 1 1 1 1 1 1 1 1 1 1 1 1 1 1 1 1 1 1 1 1 1 1 1 1 1 1 1 1 1 1 1 1 0 1 1 1 1 1 1 0 1 1 1 1 1 1 1 1 1 1 1 1 1 1 1 1 1 1 1 1 1 1 1 1 1 1 1 1 1 1 1 1 1 1 p 1 1 1 1 1 1 1 1 1 1 1 1 1 1 0 1 1 1 1 1 0 1 a 1 1 1 1 1 1 1 1 1 1 b 1 1 1 1 1 1 1 1 1 1 1 1 1 1 0 1 1 1 1 1 1 1 1 1 1 1 i 1 1 1 1 1 a 1 1 1 1 1 1 1 
1 1 1 1 x 1 1 0 1 1 1 1 1 1 1 1 1 1 1 1 1 1 1 1 1 1 1 0 1 1 g 0 0 z 0 q 0 0 r j 0 0 0 0 0 0 d w 0 0 0 0 a 0 0 e 0 0 0 0 n 0 0 t 0 0 0 0 a j 0 0 0 0 0 0 0 0 0 0 0 0 0 0 0 f o t 0 t 0 0 0 h y e 0 p 0 0 v 0 0 0 z 0 1 1 1 1 1 1 1 1 1 1 1 1 1 1 1 1 1 1 1 0 1 1 1 1 1 1 1 1 1 1 1 1 1 1 0 1 1 1 1 1 0 0 f 1 1 1 1 1 1 1 1 1 1 0 1 1 1 1 1 1 1 1 1 1 1 1 1 1 n 1 1 1 1 1 1 1 1 1 1 1 1 1 1 1 1 1 e 1 1 1 1 1 1 1 
1 1 1 1 0 o v l j 0 0 0 b 0 e a 0 r e v 0 w 0 0 0 0 0 0 0 0 0 0 0 i f 0 0 0 0 0 0 n 0 0 j l 0 j n 0 0 a 0 0 0 0 0 q z 0 0 i 0 e x 0 0 0 0 0 0 0 0 0 0 0 0 0 0 w 0 0 0 z b 0 0 0 b 0 0 q 0 0 0 u 0 0 0 0 x 0 0 0 x 0 0 r i 0 m 0 0 0 0 o q 0 h 0 0 0 n 0 v 0 0 w a 0 s g j 0 0 c s 0 0 0 s 0 w 0 0 u 0 0 0 0 w 0 0 0 f 0 0 t 0 v 0 d 0 0 0 0 r 0 n 0 i f 0 m 0 0 j v 0 0 0 0 0 0 0 0 n 1 1 1 1 1 g 1 1 1 1 1 1 1 
1 1 1 1 0 1 1 h 1 1 1 1 1 1 1 1 1 1 1 1 0 0 0 0 0 0 q i 0 0 d 0 a l 0 0 0 0 r 1 1 1 1 1 1 1 1 1 1 1 1 1 1 1 1 1 1 1 1 1 1 1 1 1 1 1 1 1 1 1 1 1 1 1 1 1 0 j f v g 0 0 0 0 0 0 0 0 0 a 0 0 0 0 0 0 j x 0 0 0 r o 0 j f 1 1 1 1 1 1 1 1 1 1 1 1 1 1 0 1 1 1 h 1 1 1 1 1 1 1 1 1 1 1 1 1 1 o 1 1 1 1 1 0 d 0 1 1 1 1 1 1 1 1 1 1 y 0 c 0 0 0 0 0 q m 0 0 0 h n r 0 0 0 0 0 0 0 g f 0 0 0 f n x 0 z d 1 1 1 1 1 1 1 
1 1 1 1 0 1 1 0 1 1 1 1 1 1 1 1 1 1 1 1 1 1 1 1 1 1 1 0 1 1 1 1 1 1 1 1 1 1 0 1 1 1 1 1 1 1 1 1 1 1 1 1 1 1 1 1 1 1 1 0 1 1 1 1 1 1 1 1 1 1 1 1 1 1 1 1 1 1 1 1 1 1 1 0 1 1 0 0 1 z e 1 1 1 1 1 1 1 1 1 1 0 k e 0 0 0 0 0 v n 0 0 z 0 0 f n 0 0 h 0 0 0 q 0 h 0 q 0 0 0 0 0 0 0 0 e 0 0 0 e 0 0 0 0 0 0 t 0 0 i 0 w 0 0 0 0 0 w 0 0 1 1 1 1 1 0 1 1 1 1 1 1 d 1 1 1 1 1 1 1 1 r 1 1 1 1 1 1 1 1 j 1 1 1 1 1 1 1 
1 1 1 1 0 1 1 0 1 1 1 1 1 1 1 1 1 1 1 1 1 1 1 1 1 1 1 0 1 1 1 1 1 1 1 1 1 1 0 1 1 1 1 1 1 1 1 1 1 1 1 1 1 1 1 1 1 1 1 0 1 1 1 1 1 1 1 1 1 1 1 1 1 1 1 1 1 1 1 1 1 1 1 0 1 1 c 0 1 0 e 1 1 1 1 1 1 1 1 1 1 r 1 0 1 1 1 1 1 1 1 1 1 1 1 1 0 1 1 1 c 0 1 1 1 0 1 1 1 1 1 1 1 0 1 h v 0 0 t 0 z 0 0 0 0 0 a 0 z 0 1 1 1 1 1 1 1 1 0 0 1 1 1 1 1 1 q 0 1 1 1 1 1 0 1 1 1 1 1 1 1 1 0 1 1 1 1 1 1 1 1 0 1 1 1 1 1 1 1 
t 1 1 1 t 1 1 l 1 1 1 1 1 1 1 1 1 1 1 1 1 1 1 1 1 1 1 0 1 1 1 1 1 1 1 1 1 1 0 1 1 1 1 1 1 1 1 1 1 1 1 1 1 1 1 1 1 1 1 0 1 1 1 1 1 1 1 1 0 0 0 0 n 0 u 0 0 1 1 1 1 1 1 e 1 1 0 0 1 0 0 1 1 1 1 1 1 1 1 1 1 0 1 0 1 0 0 0 u 0 l 0 0 0 0 f 0 f 0 0 0 0 0 i s 0 g 0 0 0 0 0 0 0 e 0 0 0 0 0 0 m 0 0 0 0 s h 0 0 0 0 i 0 l 0 0 b 0 s g l 0 e g 0 x 0 0 0 0 0 z v 0 j w 1 1 1 1 1 1 0 1 1 1 1 1 1 1 1 0 1 1 1 1 1 1 1 
l 1 1 1 p 1 1 m 1 1 1 1 1 1 1 1 1 1 1 1 1 1 1 1 1 1 1 0 1 1 1 1 1 1 1 1 1 1 0 1 1 1 1 1 1 1 1 1 1 1 1 1 1 1 1 1 1 1 z 0 0 0 0 k a 0 e 0 p 0 0 0 0 v 0 o 0 0 0 g q 0 0 0 0 0 0 p 0 u 0 0 0 r b 0 0 0 r 0 0 0 0 0 0 0 d 0 x 0 0 0 d 0 0 x 0 m 0 v a 0 0 j 0 0 0 i h 0 a 0 0 0 b 0 i 0 0 0 0 0 o a 0 0 i v 0 s 0 q s u s 0 0 0 0 0 e b 0 0 0 0 p 0 0 0 0 v 0 o h g 0 0 0 h 0 0 i 0 k l 0 0 y a 0 0 0 w 0 0 z 0 0 1 
0 1 1 1 0 1 1 0 1 1 1 1 1 1 1 1 1 1 1 1 1 1 1 1 1 1 1 0 1 1 1 1 1 1 1 1 1 1 0 1 1 1 1 p 0 0 0 l f 0 0 0 m 0 0 k 0 0 w o 1 1 1 1 0 1 1 1 1 1 1 1 1 1 1 0 1 1 1 1 p 1 1 0 1 1 0 0 1 0 0 1 1 1 1 1 1 1 1 e 1 0 1 0 1 1 1 1 1 1 1 1 1 1 1 1 0 1 1 1 0 0 1 1 1 t 1 1 1 1 1 1 1 0 1 1 1 f 1 1 0 1 1 0 q 1 x 0 1 0 1 1 1 0 1 1 b 1 1 e 0 1 1 1 1 1 1 0 0 1 1 1 1 1 0 1 1 1 1 1 1 1 1 o 1 1 1 1 1 1 1 1 w 1 1 1 1 1 1 1 
c 1 1 1 0 1 1 c 1 1 1 1 1 1 1 1 1 1 1 1 1 1 1 1 1 1 1 t 1 1 1 1 1 1 0 1 1 1 0 1 1 1 1 1 1 1 1 r 0 0 0 a f c 0 0 m 0 0 0 0 0 0 0 0 j q j v 0 0 0 0 0 0 0 0 0 0 0 0 0 0 p 0 1 h w 1 s 0 1 1 1 1 1 1 1 1 0 1 0 1 0 1 1 1 1 1 1 1 1 1 1 1 1 0 1 1 1 0 0 1 1 1 0 1 1 1 1 1 1 1 u 1 1 1 0 1 1 0 1 1 0 0 1 0 i 1 p 1 1 1 0 1 1 0 1 1 0 0 1 1 1 1 1 1 0 0 c 0 d 0 0 p m t 0 1 1 1 1 1 1 1 1 1 1 1 1 1 1 0 1 1 1 1 1 1 1 
0 1 1 0 0 1 1 0 1 1 1 1 1 1 1 1 1 1 1 1 1 1 1 1 1 1 1 0 1 1 1 1 1 1 c 1 1 1 0 1 0 1 1 1 0 1 1 1 1 1 1 1 1 0 1 1 1 1 1 g 1 1 1 1 g 1 u 1 1 1 1 1 1 1 1 0 1 1 1 1 0 1 1 c 1 1 0 m 1 0 0 1 0 1 1 1 1 1 1 0 1 0 1 0 0 0 0 0 0 0 0 0 l 0 a w i 0 0 y 0 0 0 n 0 0 0 0 0 0 f h 0 0 0 0 0 0 q n 0 0 0 0 0 u 0 e 0 k 0 k 0 0 z k a o o y 0 j 0 0 0 0 0 0 o 0 p r 0 w 0 k y e 0 0 0 0 q 0 0 0 0 y 1 1 1 1 0 1 1 1 1 1 1 1 
0 1 1 h y 1 1 o 1 1 1 1 1 1 1 1 1 1 1 1 1 1 1 1 1 1 1 0 1 1 1 1 1 1 d 1 1 1 0 1 0 1 1 1 0 1 1 1 1 1 1 1 1 0 1 1 1 1 1 0 1 1 1 1 0 1 0 1 1 0 1 1 1 1 l 0 0 0 0 0 q i 0 0 0 0 0 0 0 0 0 0 0 d 0 0 0 0 g 0 a s t 0 0 c 0 0 0 q 0 0 m m 0 0 b 0 0 c u 0 0 0 0 0 0 0 0 0 0 q p 0 0 0 v 0 0 0 i 0 0 0 n 0 s 0 0 m 0 m 0 0 0 z 0 0 u 0 d 0 c 0 0 0 0 0 f 0 0 d 0 0 0 0 0 0 e e 0 0 0 0 0 0 0 0 0 0 0 0 f 0 0 c 0 0 0 1 
0 1 1 0 0 y f 0 0 y 0 l 0 0 w 0 0 0 0 0 0 a 0 w 0 0 0 0 0 f f 0 0 0 0 e t 0 0 0 0 0 c 0 0 q 0 s 0 p 0 0 0 0 o 0 0 0 v 0 0 0 o 0 0 0 g 0 0 0 1 1 1 1 1 i 1 1 1 1 0 1 1 0 1 1 0 y 1 0 0 1 d 1 1 1 1 1 1 0 1 0 1 d 1 1 0 1 1 1 1 1 0 1 1 1 t 1 1 1 0 0 1 1 1 0 1 1 1 1 1 1 1 0 1 1 1 0 1 1 p 1 1 0 0 1 h 0 1 0 1 1 1 y 1 1 0 r 1 0 0 1 1 1 1 1 1 0 0 1 1 1 1 1 0 1 1 1 1 1 p 1 1 1 1 1 1 1 1 1 1 1 0 1 1 1 1 1 1 1 
0 1 1 0 1 1 1 e 1 1 1 1 1 0 1 1 j 1 1 0 1 0 1 1 1 1 1 0 1 1 1 1 1 1 0 1 1 1 0 1 0 1 1 1 g 1 1 1 1 1 1 1 1 0 1 1 1 1 1 0 1 1 1 1 v 1 0 0 1 d 1 1 1 1 1 0 1 1 1 1 0 0 1 g 1 1 0 0 1 p 0 1 0 1 1 1 1 1 1 0 1 0 1 0 p 1 v 1 1 1 1 1 g 1 0 1 u 1 1 1 0 u 1 1 1 0 1 1 1 1 1 1 1 0 1 1 1 t 1 1 m 1 1 0 v 1 m k 1 0 1 0 0 y 0 0 0 0 0 0 0 0 0 0 h 0 u 0 0 t 0 0 z 1 0 1 1 1 b n 0 0 0 0 0 0 e 0 1 1 1 1 0 1 1 1 1 1 1 1 
0 1 1 e 1 1 1 0 1 1 1 1 1 0 1 1 a 1 1 0 1 x 1 1 1 1 1 j 0 0 0 0 0 0 e 0 k h p 0 0 0 0 t 0 0 z 0 0 m 0 0 0 0 0 0 0 i 0 0 0 0 0 0 x x k w 0 0 0 0 t w 0 u n 0 a z n o 0 x 0 z t 0 b 0 b r 0 0 0 h 0 0 e q 0 e j i 0 p o 0 0 j 0 0 u 0 0 0 0 0 0 0 h 0 0 0 0 0 o e m 0 0 v 0 0 l 0 0 0 0 0 i 0 f 0 0 e c 0 0 u 0 0 0 0 t 0 0 0 0 0 p 0 0 v 0 0 r 0 0 0 0 j v g 0 0 0 0 0 0 0 0 y 0 0 a 1 1 1 1 1 1 0 1 1 1 1 1 0 1 
z 1 1 0 1 1 0 d m p 0 p b y e 0 0 0 0 0 m 0 0 0 0 l 0 f 0 0 0 k 0 e 0 0 0 0 0 0 s 0 0 s 0 l 0 0 0 o 0 0 0 0 0 k 0 0 0 p 0 0 a 0 0 r 0 0 0 y f u r l i 0 0 0 0 0 d i r h 1 1 0 0 1 0 0 1 0 1 1 1 1 1 1 w 1 0 1 0 1 1 0 1 1 1 g 1 0 1 0 1 o 1 1 1 e q 1 0 s v 0 k 0 0 c w 0 0 0 0 j u r 0 h 0 0 0 0 p i b b 0 0 g i f 0 0 0 0 0 0 j 1 1 1 1 1 0 1 0 1 1 1 1 1 0 1 1 1 1 1 0 1 1 1 1 1 1 1 1 1 1 1 1 1 1 1 1 1 h 1 
0 1 t 0 1 1 1 0 1 1 1 1 1 0 0 0 0 d s 0 0 o 0 0 c 0 k 0 0 0 0 0 r 0 x l o j 0 1 0 1 1 1 0 1 1 1 1 1 1 1 1 0 1 1 1 1 1 0 0 0 0 0 m 0 0 0 0 h 0 0 0 0 l 0 0 c 0 0 0 0 0 0 e 0 0 0 0 0 0 r 0 0 z 0 0 0 0 0 i 0 h 0 i 0 l 1 1 1 0 1 0 1 0 1 w 1 1 1 p 0 1 1 1 v 1 1 1 1 1 1 1 0 1 0 0 t b 0 u 0 p 0 0 0 0 0 d 0 0 0 0 b 0 0 x 0 0 i 0 c 0 0 0 v 0 0 0 a v 0 0 u 0 0 0 0 0 t 0 0 0 b 0 0 p 0 0 0 0 1 1 1 1 1 1 1 0 1 
0 1 0 0 1 1 1 0 1 1 1 1 1 v 1 0 0 1 1 0 1 0 1 1 1 1 1 v 0 1 0 0 0 o 0 0 x 0 0 0 0 s j 0 t v 0 a 0 z d v v 0 t p i w t 0 0 0 0 0 n 0 0 0 0 0 0 0 0 1 1 a 1 1 1 1 0 1 1 0 1 1 a 0 0 0 k 1 q 1 1 1 1 1 1 0 1 0 1 x 1 1 g 1 1 1 0 1 y 1 f 1 z 1 1 1 0 0 1 1 1 0 1 1 1 1 1 1 1 z 1 1 1 0 1 1 1 1 1 0 e 1 j 0 1 x 1 0 1 1 0 0 0 0 c 0 0 0 0 0 f 1 d 1 0 1 1 1 1 1 b 1 1 0 1 1 s 1 1 1 1 0 1 1 1 1 1 1 1 1 1 1 1 1 0 1 
0 1 g 0 1 1 1 c 1 1 1 1 1 0 1 0 f 1 1 l 1 0 1 1 1 1 1 m 0 1 1 1 1 1 0 1 1 1 v 1 0 1 1 1 0 1 1 1 1 1 1 1 1 0 1 1 1 1 1 0 1 1 1 1 0 1 0 0 1 0 1 1 1 1 1 t q 1 1 1 a 1 1 0 1 1 0 0 0 x z 1 0 1 1 1 1 1 1 0 1 b 1 u 1 1 0 1 1 1 a 1 0 1 0 1 0 1 1 1 0 0 1 1 1 0 1 1 1 1 1 1 1 l 1 1 1 0 1 1 1 1 0 0 0 1 0 0 1 c 1 g 1 1 1 1 i o 0 0 0 1 1 1 1 1 0 1 0 1 1 1 1 1 x 1 1 0 1 1 0 1 1 1 1 a 1 1 1 1 1 1 1 1 1 1 1 1 0 1 
0 1 0 w 1 1 1 0 1 1 1 1 1 0 1 0 0 1 1 0 1 0 1 1 1 1 1 0 h 1 1 1 1 1 a 0 0 q 0 0 0 0 0 0 b u 0 0 0 0 0 0 0 u g 0 0 0 0 0 0 o 0 z a 0 k 0 0 0 0 x 0 0 u 0 c 0 f 0 0 0 e 0 0 u d z 0 0 0 0 0 0 0 0 0 0 0 0 0 0 0 0 0 0 d 0 0 t 0 0 k 0 0 0 0 0 p 0 0 0 1 1 1 0 1 1 1 1 1 1 1 0 1 1 1 0 1 1 1 1 0 0 q 1 t j 1 0 1 0 1 1 1 1 x w p t 0 1 1 1 1 1 0 1 l 1 1 1 1 1 0 1 1 q 1 1 g 1 1 1 1 l 1 1 1 1 1 1 1 1 1 1 1 1 y 1 
0 1 0 0 1 1 1 0 0 0 0 0 0 0 0 z q 0 u 0 0 z m a 0 0 0 0 0 0 0 0 0 0 0 0 0 0 0 0 0 s 0 y 0 f 0 0 0 0 e q 0 y m 0 g z 0 0 0 0 0 0 0 0 0 0 p 0 c 0 0 0 0 z 0 0 0 0 0 f c 0 0 0 0 0 0 0 0 y 0 u 0 0 0 0 0 0 0 0 0 y 0 0 0 0 0 0 o f u j m 0 0 u 0 o 0 0 q q 0 0 0 w g 0 0 0 z 0 0 0 0 0 x 0 0 1 0 w b 1 0 0 1 e 1 0 1 1 1 1 0 0 0 0 0 1 1 1 1 1 0 1 c 1 1 1 1 1 1 1 1 0 1 1 0 1 1 1 1 0 1 1 1 1 1 1 1 1 1 1 1 1 0 1 
0 1 n e 1 1 0 0 f b 1 1 1 0 1 0 0 1 1 0 1 0 1 1 1 1 1 0 0 1 1 1 1 1 1 1 1 1 0 e 0 0 0 0 0 u l 0 o m 0 0 1 0 1 1 1 1 1 f 1 1 1 1 0 1 y 0 1 0 1 1 1 1 1 0 c 1 1 1 0 1 1 n 1 1 0 o 0 0 c 1 l 1 1 1 1 0 1 i 1 0 1 v 1 1 0 1 1 1 0 1 0 1 0 1 0 1 1 1 p w 1 1 1 0 1 1 1 1 1 1 1 0 1 1 1 0 1 1 1 1 f 0 s 1 0 k 1 0 1 k 1 1 1 1 p o 0 0 0 1 1 1 f 0 0 0 0 0 e 0 0 0 0 0 y 0 j b 0 0 0 0 f 0 1 1 1 1 1 1 1 1 1 1 1 1 q 1 
0 1 0 0 1 1 1 0 1 1 1 0 y y y i 0 0 0 d v 0 m 0 0 0 0 0 0 0 0 0 y 0 0 0 z 0 0 r v 0 0 0 0 0 0 0 0 0 0 b 0 q e l 0 0 0 q 0 t x 0 0 r 0 0 0 0 0 t 0 0 0 x 0 0 0 0 0 0 0 0 0 0 0 0 0 h z o 0 0 0 0 f 0 0 i 0 f e 0 0 g 0 0 k 0 f 0 0 0 0 0 0 0 o 0 c 0 1 1 1 0 1 1 1 1 1 1 1 0 1 1 1 0 1 1 1 1 0 0 0 1 u 0 1 m 0 0 0 0 l 0 p e 0 q 0 0 i 0 d 0 0 n 0 0 0 0 0 0 0 0 0 0 0 p 0 0 0 0 i f 0 d n 0 1 1 1 1 1 1 1 1 0 1 
w 1 g t 1 1 1 0 1 1 1 1 1 p 1 0 0 1 1 0 1 r 1 v 1 1 1 0 0 1 1 1 1 1 1 1 1 1 v 1 q 1 1 1 0 0 1 1 1 1 1 1 1 v 1 1 1 1 1 u 1 1 1 1 l 1 j 0 1 0 1 1 1 1 1 0 j f 1 1 u 1 1 0 1 1 0 j f 0 p 1 0 1 1 1 1 k 1 0 1 v 1 s 1 1 0 1 1 1 1 1 0 1 0 1 0 1 1 1 g 0 1 1 1 p 1 1 1 1 1 1 1 0 1 1 f g 1 1 z 1 0 0 e 1 0 d 1 u 1 l 1 1 0 1 j d 0 0 z 1 1 0 1 1 0 1 c 1 1 1 1 1 1 1 1 y 1 1 0 1 1 1 1 0 1 1 1 h 1 1 1 1 1 1 1 1 0 1 
s 1 0 0 1 1 1 0 1 1 1 1 1 j 1 j j 1 1 0 1 0 1 0 1 1 1 0 1 1 1 1 1 1 1 1 1 1 0 1 k 1 1 1 0 0 1 1 1 1 1 1 1 0 1 1 1 1 1 c 1 1 1 1 0 1 0 0 1 0 1 1 1 1 1 0 0 a 1 1 0 1 1 m 1 1 g r 0 m 0 1 0 1 1 1 1 0 1 d 1 j 1 0 1 1 0 1 1 1 1 1 0 1 0 1 0 1 1 1 0 0 1 1 1 0 1 1 1 1 1 1 1 0 1 1 0 0 1 1 k 1 0 0 m 1 0 0 1 0 1 0 1 1 n 1 d o o 0 0 1 1 0 1 1 0 1 0 1 1 1 1 1 1 0 1 b 1 1 0 1 1 1 1 d 1 1 1 0 1 1 1 1 1 1 1 1 0 0 
n 1 0 0 1 1 1 v 1 1 1 1 1 0 1 0 0 1 1 0 1 e 1 r 1 1 0 0 b o n g 1 1 1 1 1 1 0 1 0 1 1 1 0 0 1 1 1 1 1 1 1 0 1 1 1 1 1 0 1 1 1 1 s 1 0 x 1 0 1 1 1 1 1 g 0 0 1 1 0 1 1 0 1 1 0 0 0 0 0 1 0 1 1 1 1 0 1 0 1 n 1 1 1 1 0 1 1 1 1 1 0 1 0 1 0 1 1 1 0 l 0 0 m e 0 0 y 0 0 0 0 g 0 v 0 0 1 1 x 1 0 0 0 0 0 0 1 0 1 0 1 1 p 1 a 0 0 0 0 1 1 0 1 1 0 1 0 1 1 1 1 1 1 0 1 0 1 1 0 1 1 b 1 0 1 1 1 0 1 1 1 1 1 1 1 1 b 0 
0 1 y o 1 1 1 d 1 1 1 1 1 0 1 0 0 1 1 e 1 0 1 u 1 1 1 j 1 1 1 1 1 1 1 1 1 1 0 1 0 1 1 1 1 0 1 1 1 1 1 1 1 0 1 1 1 1 1 k 1 1 1 1 o 1 h 0 1 0 1 1 1 1 1 0 0 m 1 1 0 1 1 0 1 1 c 0 0 0 0 1 0 1 1 1 1 0 1 0 1 0 1 1 1 1 l 1 1 1 1 1 0 1 h 1 0 1 1 1 0 0 1 1 1 0 1 1 1 1 1 1 1 0 1 1 0 0 1 1 x 1 0 0 0 0 e y 1 0 1 0 1 1 0 1 0 0 z n y 1 1 0 1 1 0 1 0 1 1 1 1 1 1 z 1 0 1 1 z 1 1 0 1 0 1 1 1 x 1 1 1 1 1 1 1 0 v g 
0 1 z 0 1 1 1 0 1 1 1 1 1 0 1 j 0 1 1 0 0 0 0 0 b 0 0 0 p r 0 0 c d y 0 0 0 0 0 r 0 0 0 0 q 0 0 0 j 0 0 0 0 0 0 e e q 0 0 0 q 0 s 0 0 0 0 0 0 x 0 0 0 0 s 0 0 0 q 0 0 0 o i 0 0 0 g 0 f 0 0 q 0 n l z l 0 0 0 u p 0 t 0 0 0 0 0 y d 0 l t i 0 0 0 a 0 0 0 0 0 0 0 0 0 0 0 q s 0 x 0 0 e 0 0 0 0 0 0 0 0 0 0 0 0 0 r r n 0 0 0 m 0 0 0 0 0 0 t 0 0 o 0 s e i g 0 0 0 0 q 0 0 0 0 0 0 0 0 u 0 0 a 0 0 0 0 1 h c y 
0 1 0 0 1 1 1 0 1 1 1 1 1 0 0 0 0 w 0 0 0 0 p 0 0 0 0 0 t w q p g 0 0 0 1 1 f 1 0 1 1 1 1 0 1 0 n 0 0 0 o w 0 u 0 0 0 k n 0 0 0 0 0 0 n f 0 0 0 r 0 b 0 0 0 b 0 0 0 0 0 0 0 0 u x 0 0 q 0 1 1 1 1 0 1 0 1 0 1 1 1 1 n 0 q 0 0 0 p 0 0 0 h 0 0 0 0 0 o 0 m 0 v 0 1 1 1 1 1 0 1 1 0 q 1 1 0 1 0 t 0 v 0 q 1 0 1 0 0 1 0 1 0 q 0 g b 1 1 0 1 1 0 1 0 1 1 1 1 v t h 1 e 1 1 o 1 1 0 1 0 1 1 1 0 1 1 1 1 1 1 1 0 0 p 
d 1 x x 1 1 1 0 1 1 1 1 1 0 1 0 k 1 1 z 1 a 1 0 1 1 1 0 1 1 1 1 1 1 1 1 1 1 0 1 i 1 1 1 1 0 1 1 1 z 1 1 1 0 1 1 1 0 1 0 1 1 1 1 n 1 0 0 1 y 1 1 1 1 1 0 0 0 1 0 b 0 0 i 0 0 z 0 0 0 b q 0 0 a o 0 0 s 0 o e 0 0 0 0 t 0 0 u 0 s 0 d 0 0 0 0 n 0 0 0 0 0 0 0 0 0 0 m f 0 0 0 0 0 c t 0 0 0 0 n 0 j 0 0 0 0 0 0 r v n 0 0 n 0 0 0 0 j 0 0 0 0 t 0 b y d q 0 0 m y h 0 1 1 0 1 1 0 1 z 1 1 1 0 1 1 1 1 1 1 1 w 0 0 
0 1 0 i 1 1 1 p 1 1 1 1 1 0 1 0 h 1 1 0 1 k 0 0 0 o 0 0 n 0 j a l 0 0 0 0 p 0 0 q 0 p 0 0 u 0 s 0 0 0 0 0 0 0 0 0 0 0 0 0 t 0 l 0 0 h y 0 0 b o f g g 0 0 0 0 0 0 0 0 h 0 1 0 0 v o 0 1 p 1 1 1 1 0 1 0 1 s 1 1 1 1 0 1 1 1 1 0 0 1 g 1 1 1 1 1 0 0 1 1 1 0 0 b 0 0 c c f 0 u z u 0 0 0 w 0 j 0 t c m z a 0 0 0 0 y t e 0 0 0 0 0 d 0 0 0 0 0 v 0 0 0 d s 0 0 0 p 0 0 0 0 m 0 n 0 0 0 0 0 0 0 0 1 1 1 1 1 0 c c 
0 1 0 0 1 1 1 o 1 1 1 1 1 l 1 n 0 1 1 w 1 z 1 0 1 1 1 0 1 1 1 r 1 1 1 1 1 1 0 1 0 1 1 1 1 0 1 1 1 q 1 1 1 0 1 0 1 0 1 0 1 1 1 1 0 1 c 0 1 0 1 1 1 1 1 0 0 o 1 1 0 1 1 0 1 1 p 0 0 0 w 0 0 1 1 1 1 0 1 0 1 0 1 1 1 1 j 1 1 1 1 0 s 1 0 1 1 1 1 1 0 0 0 h 0 0 o 0 0 0 0 0 0 0 0 0 0 0 0 r 0 0 t 0 0 0 0 0 l 0 y i j 0 0 z 0 0 0 0 0 0 0 0 0 r 0 t 0 0 0 0 0 j 0 0 0 0 0 0 m 0 0 0 0 d g w e 0 0 m 1 1 1 1 1 k 0 0 
0 1 0 0 g 0 0 d 0 0 b 0 0 0 z 0 f 0 a 0 q l 0 0 0 0 u e g 0 y 0 w 0 0 0 0 0 0 0 u 0 y 0 0 0 0 0 g 0 0 0 s 0 h 0 0 0 0 d x l 0 0 k o f 0 b 0 0 0 0 0 0 j u 0 0 i 0 0 0 0 u 0 a 0 0 f 0 o 0 0 1 r 1 0 1 0 1 0 1 1 1 1 0 1 1 1 1 0 0 1 0 1 1 1 1 1 0 b 1 1 1 1 1 1 1 1 1 1 1 1 1 1 0 u 1 1 0 1 0 k 0 1 0 0 1 k 1 0 1 0 0 0 v 0 0 u 0 a 0 0 0 0 0 0 0 l o f 0 0 f 0 0 0 0 i 0 n 1 0 1 0 1 1 1 y 1 1 1 0 1 1 1 l v 0 
0 1 c q 1 1 1 0 1 1 1 1 1 0 1 t 0 1 1 0 1 r 1 0 1 1 1 0 1 1 1 r 1 1 1 1 1 1 p 1 u 1 1 1 1 z 1 1 1 0 1 1 1 z 1 k 0 0 0 0 y 0 0 0 0 c c 0 0 0 j j s 0 0 0 0 w o 0 0 0 r f 1 1 0 0 g 0 0 0 d 1 0 0 1 k 1 0 1 0 1 1 1 1 0 1 1 1 1 0 r 1 0 1 1 1 1 1 z 0 1 1 1 1 1 1 1 1 1 1 1 1 1 1 0 0 1 1 0 1 u 0 0 1 z 0 1 m 1 0 n 1 x 1 0 0 1 c 0 1 1 0 1 1 q 1 0 1 1 1 1 0 l 0 1 q 1 1 0 1 1 i 1 o 1 1 1 r 1 1 1 0 1 1 1 l 0 v 
0 1 0 0 1 1 1 0 1 0 1 1 1 0 1 0 0 1 1 0 1 s 1 0 1 1 1 y 1 1 1 z 1 1 1 1 1 0 0 0 x 0 0 a 0 0 0 0 0 0 0 0 0 0 0 0 0 0 t x y c 0 0 w 0 0 j q 0 0 0 0 0 0 m c 0 0 0 0 p 0 0 0 r 0 k w 0 0 0 t 1 0 0 1 0 1 0 1 d 1 1 1 1 0 1 1 1 1 b 0 1 0 1 1 1 1 1 0 0 1 1 1 1 0 o 0 v b 0 0 0 0 l 0 s y 0 k 0 0 0 0 0 t 0 0 d 0 0 0 u y 0 0 0 0 0 0 0 0 o r 0 b 0 0 0 0 0 b 0 0 0 1 0 1 1 0 1 1 l 1 w 1 1 1 0 1 1 1 0 1 1 1 g 0 0 
0 1 0 0 1 1 0 l 0 0 0 0 0 0 0 m 0 0 0 0 u 0 0 k 0 1 1 0 1 1 1 f 1 1 1 1 1 1 0 1 v 1 1 1 1 p 1 1 1 0 1 1 1 z 1 0 1 0 1 0 1 1 1 0 0 1 0 h 1 0 1 1 1 z 0 0 u 0 0 n g 0 0 z 0 m 0 0 0 0 0 v 0 0 w 0 0 0 0 u w 0 f 0 0 0 0 0 0 0 q 0 0 0 0 j 0 f c o 0 0 0 0 0 0 l 0 0 0 0 h 0 0 0 0 0 0 0 q 0 0 0 0 0 0 0 0 0 s d 0 0 x e 0 0 0 0 0 0 0 0 x j g 0 0 0 w 0 0 b m 0 d 0 0 e 0 0 0 0 0 0 0 0 0 0 0 1 1 1 0 1 1 1 m 0 h 
o 1 0 0 1 1 1 0 1 t 1 1 1 0 1 0 0 1 1 0 1 y 1 u 1 1 1 0 1 1 1 0 1 1 1 1 1 1 0 1 0 1 1 1 1 0 1 1 1 l 1 1 1 q 1 0 1 r 1 j 1 1 1 w 0 1 s u 1 q 1 1 1 0 0 s q l 0 o 0 0 x o 0 k 0 0 i 0 i 0 i 0 0 s z l 0 p y h 0 e 0 0 0 0 a 0 f 0 i 0 z 0 o c 0 0 0 0 0 h 0 q 0 0 t r 0 u 0 0 0 0 y t 0 0 0 0 o 0 0 0 0 0 0 0 0 r 0 0 e k 0 0 0 0 0 0 0 r 0 z 0 z l 0 1 1 1 u 0 0 1 0 1 1 0 1 0 0 0 0 1 1 1 b 1 1 1 0 1 1 1 0 0 0 
0 1 0 0 1 1 1 x 1 0 1 1 1 0 1 0 e 1 1 0 1 0 1 0 1 1 1 0 1 1 1 0 1 1 1 1 1 1 p 1 z 1 1 1 1 l 1 1 1 0 1 1 1 s 1 0 1 0 1 0 1 1 1 0 c 1 0 0 0 0 0 0 b 0 0 o k 0 0 0 0 x 0 0 0 0 0 0 0 0 0 0 e 0 e r 0 z 0 0 0 0 g 0 0 0 0 0 0 0 0 0 0 f 0 0 0 0 0 0 0 k g 0 0 m 0 0 y 0 0 0 0 0 0 0 b d 1 0 0 1 h u 0 1 n 0 1 b 1 0 0 1 0 1 0 0 1 0 1 1 1 0 1 1 l 1 0 1 1 1 1 0 0 0 1 0 1 1 p 1 i n 0 0 1 1 1 0 1 1 1 0 1 1 1 l 0 0 
h c 0 w 1 1 1 0 1 y 1 1 1 0 1 0 0 1 1 0 1 0 1 i 1 1 1 0 1 1 1 0 1 1 1 1 1 1 g 0 0 o v 0 0 0 0 0 0 w 0 0 0 0 r c x a 0 0 0 0 0 v k 0 0 0 0 h m g 0 0 d 0 0 0 0 0 0 0 0 0 0 0 i 0 0 0 0 0 0 0 0 0 0 0 0 0 0 d 0 o 0 0 b g 0 u 0 0 0 0 0 0 m 0 0 a 0 0 0 a p 0 0 0 0 0 0 j 0 y 0 0 h 0 0 0 0 0 0 0 0 e u d p 0 1 0 y 1 0 1 g 0 1 s 1 1 1 0 0 1 z 1 0 1 1 1 1 0 0 0 1 0 1 1 0 1 u 0 0 0 1 1 1 0 1 1 1 0 1 1 1 0 a 0 
0 1 0 0 1 1 1 z 1 j 1 1 1 0 m x 0 1 1 z 1 0 1 0 l 0 0 s 0 i o o 0 0 p 0 0 0 s t m 0 0 0 t 0 0 q 0 0 0 1 1 0 1 0 1 u 1 0 1 1 1 0 0 1 0 0 1 0 1 1 1 1 1 1 0 0 1 1 0 1 1 v 1 0 0 0 0 0 0 0 u 0 0 0 0 t 0 z 0 u q h 0 e r 0 f 0 o 0 0 d h g 0 0 c 0 r 0 0 0 0 0 0 d 0 0 j 0 0 1 1 0 0 o 1 0 m 1 0 0 q 1 0 0 1 0 1 0 u 1 0 1 j 0 1 0 1 1 1 0 c 1 h 1 0 1 1 1 1 0 0 b 1 n 1 1 0 1 0 o 0 0 1 1 1 h 1 1 1 0 1 1 1 0 0 c 
0 1 z e 1 1 1 h 1 k y 0 0 0 0 y 0 u x 0 0 0 0 0 0 0 0 0 0 0 0 b 0 o 0 x 1 1 h 1 0 1 1 0 0 0 0 0 0 0 b 0 0 0 0 0 m 0 0 0 0 b 0 0 0 0 0 0 0 0 s 0 0 0 w 0 0 0 0 0 0 0 w o 0 s 0 c 0 0 0 0 0 h l i 0 0 0 0 0 0 0 0 t b 0 s 0 0 0 0 0 0 m u 0 o 0 0 0 0 0 e 0 s l 0 0 f 0 0 1 1 1 0 0 0 1 0 0 1 0 s 0 1 0 0 0 a 1 u 0 1 v 1 l t 1 0 1 1 1 0 0 1 0 1 p 1 1 1 1 0 0 1 1 u 1 1 v 1 1 0 0 b 1 1 1 a 1 1 1 0 1 1 1 1 w 0 
0 1 0 0 1 1 1 0 1 0 1 1 1 0 1 e 0 1 1 0 1 0 1 a 1 1 1 1 0 0 0 0 0 0 q j 0 0 0 0 0 0 i 0 n d 0 0 0 0 0 0 0 0 0 0 0 0 0 0 x t 0 m w 0 0 0 0 i 0 w q 0 0 0 0 0 0 0 0 0 0 0 a 0 a 0 m p 0 0 0 0 v 0 0 0 0 r t i 0 i d 0 0 n 0 0 0 0 y 0 0 0 0 0 0 0 t 0 0 0 0 n 1 1 0 1 1 1 1 1 1 0 0 t 1 p 0 1 0 0 0 1 0 r d 0 1 0 0 1 0 1 w z 1 0 1 1 1 a 0 1 0 1 0 1 1 1 1 0 0 1 1 0 1 1 y 1 1 g 0 0 1 1 1 0 1 1 1 0 1 1 1 1 c 0 
w 1 0 q 1 1 1 0 1 y 1 1 1 0 1 0 w 1 1 b 1 0 1 g 1 1 1 1 1 1 1 b 1 1 1 1 1 1 0 1 0 1 1 1 1 0 1 1 1 0 1 t 1 f 1 w 1 0 1 0 1 1 1 0 0 1 0 0 1 m 1 1 1 1 1 1 0 0 1 1 u 1 1 0 1 0 0 0 0 0 0 0 0 0 0 0 i 0 0 0 0 0 0 0 0 g z p 0 0 0 0 p 0 0 0 0 1 1 1 0 0 1 1 1 0 1 1 0 1 1 1 1 1 1 0 0 0 1 0 0 1 0 r b 1 0 0 0 c 1 0 b 1 0 1 0 0 1 0 1 1 1 0 o 0 0 1 0 1 1 1 0 0 x 1 1 0 1 1 o 1 1 j 0 0 1 1 1 0 1 1 1 0 1 1 1 1 0 0 
0 1 0 c v 1 1 0 1 0 1 1 1 0 1 0 0 1 1 k 1 0 1 p 1 1 1 1 1 0 0 e 0 0 w 0 0 0 0 0 0 n q 0 0 y 0 0 0 0 0 a 0 0 0 0 f 0 s 0 s o l d 0 0 t 0 j 0 i 0 k 0 0 0 p m 0 b 0 0 y z 0 0 0 0 0 0 0 0 0 j 0 0 0 0 0 0 0 w 0 0 0 j j s 0 0 q 0 p r 0 0 g r 0 0 p 0 0 d q h 0 0 0 l 0 w 0 e 0 f 0 0 0 0 h 0 0 0 0 0 0 0 1 0 1 0 0 1 p 1 r 0 1 0 1 1 1 a 0 0 0 1 0 1 1 1 0 0 0 1 1 0 1 1 m 1 1 0 x m 1 1 1 0 1 1 1 0 1 1 1 1 0 c 
0 1 0 0 a 1 1 c 1 0 1 1 1 0 1 0 0 1 1 0 1 n 0 j 0 1 1 1 1 1 1 y 0 0 0 r o 0 x 0 0 g 0 0 0 m 0 0 0 0 n y y 0 0 0 0 x 0 0 n 0 0 0 0 d 0 j z 0 0 0 0 0 0 0 0 r 0 m 0 0 0 0 0 0 n 0 0 0 0 0 0 0 l 0 0 0 0 k l 0 1 0 0 1 0 1 0 1 p 0 0 1 a 1 1 1 1 1 0 0 1 1 1 0 1 1 0 1 1 1 1 1 0 0 0 0 1 0 s 1 0 0 0 1 0 0 1 0 1 0 0 1 0 1 0 0 1 0 1 1 1 0 t 0 0 1 0 1 1 1 0 0 0 1 1 0 1 1 0 1 1 f 0 c 1 1 1 0 1 1 1 0 1 1 1 1 o 0 
l 1 0 0 1 1 1 0 1 0 1 1 1 0 1 h 0 1 1 n 1 v 1 0 1 1 1 1 1 1 1 0 1 1 1 1 1 1 0 1 0 1 1 1 1 0 1 1 1 0 1 h 1 0 1 0 1 0 1 0 1 1 1 0 g 1 0 q 1 0 0 g 0 e 0 a 0 0 k c 0 0 0 0 g s 0 0 v a b 0 p 0 h 0 0 0 0 y 0 u 0 d 0 b 0 0 0 q 0 0 0 0 0 h 0 0 0 h 0 0 i 0 0 0 0 n 0 c j 0 j n v 0 0 i 0 0 0 0 0 0 h r 0 0 a 0 0 0 0 0 0 x 0 0 0 0 j 0 x 0 v t y i 0 q 0 0 0 m 0 b s c 0 f 0 0 0 0 0 0 0 0 0 q 0 0 0 g v 0 0 0 0 0 
0 1 0 0 1 1 1 0 1 0 1 1 1 0 1 0 0 1 1 0 1 q 1 0 1 1 1 1 1 1 1 0 1 1 1 1 1 1 0 1 0 1 1 1 1 v 1 1 1 0 1 0 1 0 1 0 1 0 1 0 1 1 1 z b 1 0 0 1 0 1 1 1 1 1 1 0 0 1 1 0 1 1 0 1 0 0 g 0 h 0 0 1 1 i q 1 0 0 w 1 0 1 u 0 1 0 1 0 1 x 0 0 1 0 1 1 1 1 1 a 0 1 1 1 n 1 1 n 1 1 1 1 1 0 0 0 0 1 0 0 1 0 0 0 1 0 0 1 0 1 x 0 1 0 1 0 h 1 f 1 1 1 0 o 0 0 1 i 1 1 1 0 w 0 1 1 0 1 1 0 1 1 0 0 i 1 1 1 w 1 1 1 0 1 1 1 1 0 0 
g 1 f 0 1 1 1 0 1 0 1 1 1 0 1 x 0 1 1 i 1 0 1 g 1 1 1 1 1 1 1 u 1 1 1 1 1 1 0 1 0 1 1 1 1 0 1 1 1 0 1 0 1 0 1 0 1 0 1 k 1 1 1 0 t 1 0 0 1 0 1 1 1 1 1 1 0 0 1 1 0 1 1 0 1 b 0 0 0 0 0 0 1 1 0 y 1 0 m a 1 0 1 0 0 1 0 1 0 1 f 0 0 1 0 1 1 1 1 1 0 0 1 1 1 0 1 1 0 1 0 1 1 1 0 b 0 0 1 0 0 0 0 o 0 1 k 0 1 0 1 0 0 1 0 1 0 i 1 0 1 1 1 m 0 0 b 1 0 1 1 1 y 0 0 1 1 e 1 1 h 1 1 0 0 0 1 1 1 n 1 1 1 h 1 1 1 1 0 0 
0 1 0 0 1 1 a 0 0 n j b 0 0 0 0 0 1 1 0 1 n 1 0 1 1 1 1 1 1 1 0 1 1 1 1 1 1 k 1 0 1 1 1 1 e 1 1 1 0 1 0 1 0 1 0 1 0 1 h 1 1 1 0 a 1 a 0 1 j 1 1 1 1 1 1 0 0 1 1 0 1 1 j 1 0 0 0 0 e 0 0 1 1 h y 1 0 0 0 1 0 1 0 0 1 0 1 0 1 0 0 c 0 0 0 0 d 0 i 0 t 0 0 o 0 p 0 0 b 0 0 0 0 n f e 0 0 0 0 d 0 0 0 0 b 0 0 b 0 o 0 0 a 1 0 b v 0 1 1 1 0 0 0 0 1 q 1 1 1 0 l 0 1 1 0 1 1 0 1 1 0 o 0 1 1 1 0 1 1 1 0 1 1 1 1 b 0 
a 1 0 k 1 1 1 0 1 0 1 1 1 0 1 0 a 1 1 0 1 n 1 0 1 1 1 1 1 1 1 0 1 1 1 1 1 1 i 1 0 1 1 1 1 0 1 1 1 0 1 a 1 w 1 0 1 m 1 c 0 1 1 0 m 1 0 0 1 0 1 1 1 1 1 1 0 0 1 1 0 1 1 0 f 0 u 0 0 s 0 0 0 e 0 0 e 0 k 0 0 0 0 0 0 0 0 q 0 0 0 0 0 0 0 0 l e 0 0 0 x 0 u 0 q 0 0 q 0 0 0 0 0 0 0 0 0 0 h 0 r 0 0 v 0 e 0 0 0 w 0 y 0 0 o u 0 0 0 s 0 0 0 0 0 0 u 0 0 0 y 0 0 0 1 1 0 1 1 0 1 1 j x m 1 1 1 0 1 1 r 0 1 1 1 1 0 0 
0 1 m 0 1 1 1 r 1 0 1 1 1 0 1 y 0 1 1 e 1 t 1 0 1 1 1 1 1 1 1 a 1 1 1 1 1 1 0 1 0 1 1 1 1 0 1 1 1 0 1 1 1 0 1 o 1 0 0 b 0 0 0 f 0 f z 0 0 0 t 0 0 j 0 0 0 0 s z 0 j 0 0 o 0 0 0 0 y r g 0 0 0 p f 0 i l j 0 0 0 0 0 0 0 0 0 0 k 0 x 0 0 0 0 i e k 0 0 w 0 0 0 0 0 0 e 0 0 x 0 0 0 0 z 0 0 1 u 1 0 1 u 0 1 1 1 0 0 1 0 1 n 0 0 0 1 1 1 0 0 0 0 1 b 1 1 1 0 0 s 1 1 0 1 1 0 1 1 0 0 0 1 1 1 n 1 1 0 k 1 1 1 1 q v 
0 1 0 0 1 1 1 0 1 0 1 1 1 0 1 0 0 1 1 0 1 i 1 0 1 1 1 1 1 1 1 a 1 1 1 1 1 1 0 1 0 1 0 1 1 0 1 1 1 0 1 1 1 0 1 0 1 0 1 0 q 1 1 0 0 1 0 1 1 k 1 1 1 1 1 1 0 0 1 1 0 1 1 0 0 d 0 0 0 0 0 0 1 1 o 0 1 o 0 g 1 f 1 0 v 1 0 1 0 1 0 g 0 1 0 1 1 1 1 1 0 0 1 1 0 0 1 1 0 1 t 1 1 1 0 v 0 g 1 0 u 1 0 1 y 1 b 0 1 1 1 q 0 0 0 1 0 0 0 x 1 1 1 c 0 i 0 1 o 1 1 1 0 0 0 1 1 0 1 1 0 1 1 0 0 0 1 1 1 0 1 1 0 0 1 1 1 1 0 z 
0 1 0 0 y v 1 z 1 z 1 1 1 y 1 0 0 1 1 0 1 0 1 0 1 1 1 1 1 1 1 0 1 1 1 1 1 1 j 1 s 1 0 1 1 0 1 1 1 0 1 1 1 q r 0 1 a 1 0 b 0 0 j 0 0 0 c 0 0 0 w n l b 0 0 0 o o 0 0 u 0 0 0 0 0 0 0 0 y i 0 0 0 0 0 0 0 0 q 0 0 0 0 0 t 0 o 0 v 0 s r 0 0 g 0 f e 0 0 h 0 0 0 0 0 0 0 j 0 0 s 0 0 0 0 0 h 0 0 0 0 0 q g 0 0 0 s 0 0 w 0 p p 0 0 0 y 0 0 0 0 0 0 0 c 0 y 0 0 c 0 0 0 0 l 0 0 0 0 0 e f 0 h l 0 0 0 0 0 0 0 j 0 j 
0 1 x 0 1 1 1 0 1 h 0 1 1 m 1 0 0 1 1 0 1 0 1 s 1 1 1 1 1 1 1 u 1 1 1 1 1 1 b 1 0 1 m 1 1 0 0 0 0 0 0 b k 0 0 0 0 f 0 0 d j 0 0 0 p h 0 0 0 0 0 0 0 0 0 h 0 1 1 b 1 1 0 0 0 0 0 0 0 p 0 1 1 0 0 1 0 x 0 1 0 1 0 q 1 0 1 a 1 o 1 k 1 0 1 1 1 1 1 0 0 1 1 0 q 1 1 s 0 0 1 1 1 d 0 h 0 1 h r 1 0 1 0 1 0 k 1 1 1 0 z 0 j 1 0 o p 0 1 1 1 v h o r 1 0 0 1 1 0 0 a 1 1 0 1 1 0 1 1 0 0 d 1 1 1 0 1 1 0 p 1 1 1 1 0 0 
0 1 0 0 1 1 1 0 1 f 0 1 1 0 1 m 0 1 1 0 1 0 1 h 1 1 1 1 1 1 1 0 1 1 1 1 1 1 0 1 g 1 0 1 1 0 1 1 1 0 1 1 1 0 0 a 1 m 1 0 y 1 m 0 0 1 0 1 1 0 1 1 1 1 1 1 0 0 1 1 0 1 1 0 0 0 0 0 0 0 f t 1 1 0 n 1 d g 0 1 0 1 0 h 1 0 1 0 1 0 1 0 1 m 1 1 1 0 1 0 0 1 1 e i 1 1 0 0 a 1 1 1 0 0 0 0 1 0 0 0 0 k 0 0 0 0 0 0 0 p 0 r 0 1 0 e 0 0 1 1 1 0 p l 0 1 0 0 1 1 m 0 0 1 1 u 1 1 0 1 1 0 0 c 1 1 1 0 1 1 0 a 1 1 1 1 0 l 
0 1 0 0 1 1 1 0 1 0 0 b v g c v 0 s 0 u s 0 0 0 0 0 0 0 g 0 k 0 0 0 d g p y 0 0 u w 0 0 0 0 0 s 0 0 0 0 s 0 0 p 0 q q 0 v 0 p i 0 0 b 0 0 0 0 0 0 f 0 0 0 0 0 b 0 0 0 0 b 0 0 n 0 0 n 0 0 0 0 0 1 0 0 0 1 s 1 0 0 1 0 1 c 1 0 1 0 1 0 1 1 1 b 1 j 0 1 1 x 0 1 1 0 0 0 1 1 1 0 t b 0 1 q 0 0 t 1 t 1 0 p 1 1 1 0 0 k 0 1 x 0 0 f 1 1 1 0 0 o 0 1 0 0 1 1 s e w 1 1 0 1 1 0 1 1 n 0 p p x 0 0 1 1 w 0 1 1 1 1 0 0 
0 1 0 0 1 1 1 0 1 0 0 0 l 0 x 0 m 0 0 r 0 0 0 l 0 0 0 d 0 0 p p o p 0 0 0 0 m 0 0 f j 1 1 u 1 1 1 c 1 1 1 0 x 0 1 m 1 0 0 s 0 0 l 1 f 1 1 0 1 1 1 1 1 1 0 h 1 1 0 1 1 j 0 0 w 0 r 0 0 0 1 1 0 0 1 0 0 0 1 s 1 f 0 1 p 1 0 1 u 1 0 1 0 1 1 1 q 1 0 0 1 1 0 s 1 1 q s y 1 1 1 0 0 b i 1 z x o 0 1 0 1 0 0 1 1 1 0 r g 0 0 0 0 l 0 r 0 m j 0 0 0 0 0 a 0 0 0 h z 0 y 0 q 0 0 l 0 0 0 0 1 1 1 0 1 1 0 p 1 1 1 1 c 0 
0 1 0 0 1 1 0 0 1 t r 1 1 0 1 p 0 1 1 0 1 0 1 n 1 1 1 1 1 1 1 0 1 1 1 1 1 1 0 1 0 1 0 1 1 0 1 1 1 h 1 1 1 0 g 0 1 0 1 0 0 j 0 0 0 1 c 1 t 0 0 0 y 0 0 w 0 0 0 0 0 0 0 0 e f 0 0 0 0 0 0 0 0 0 0 0 0 0 0 w 0 l 0 0 0 x 0 t 1 0 1 p 1 0 1 1 1 a 1 0 0 1 1 0 0 1 1 0 0 q 1 1 1 0 0 u c 0 u f i 0 1 h q 0 z 0 z 0 0 0 h 0 0 g q i 0 0 y h 0 0 0 t 0 l 0 0 w 0 0 s y e l 0 0 d t 0 0 v 0 1 1 1 0 j 1 i 0 1 1 1 1 x 0 
w 1 p 0 1 1 o r 1 e 0 1 1 0 0 0 g 1 1 0 1 0 1 0 1 1 1 1 1 1 1 0 1 1 1 1 1 1 m 1 0 1 0 1 1 x 1 1 1 0 1 1 1 0 0 0 1 0 1 0 0 0 y 0 0 1 0 1 1 0 1 1 1 1 1 1 0 0 1 1 0 1 1 o a 0 0 0 1 0 p h 1 1 0 0 1 0 0 s 1 0 1 0 p 1 0 1 m 1 0 1 0 1 0 1 1 1 0 1 0 0 1 1 v 0 1 1 g s 0 1 1 1 1 g z f 0 0 x m 0 1 0 1 0 0 1 1 1 0 0 0 o 1 0 1 f 0 1 1 1 0 1 0 0 1 0 g 1 f 0 g 0 1 1 e 1 1 0 1 1 h 0 a 1 1 1 0 0 1 0 0 1 1 1 1 g 0 
f 1 j 0 u 1 0 0 1 0 i 1 1 0 0 0 i 1 1 v 1 w 1 0 1 1 1 1 1 1 1 l 1 1 1 1 1 1 0 1 0 h 0 1 1 z 1 1 0 o 0 0 0 a d 0 0 0 0 0 0 0 q 0 0 0 u 0 0 0 0 0 0 0 g 0 0 0 0 0 0 c 0 0 g 0 0 0 0 0 0 x 0 0 0 0 0 q 0 0 k 0 0 d t 0 0 0 0 p 0 0 b n 0 0 0 0 0 v 0 l x g 0 t 0 0 0 0 0 0 0 t 0 i 0 0 0 0 0 0 0 0 0 0 0 0 0 0 0 0 0 0 0 e 0 0 t 0 0 q o 0 0 0 0 0 0 0 0 0 0 0 0 0 0 0 s 0 0 0 t 0 0 0 0 1 1 0 l 1 i 0 1 1 1 0 0 0 
0 1 0 0 r 1 0 0 1 0 j 1 1 0 k h 0 1 1 0 1 0 1 w 1 1 1 1 1 1 1 0 1 1 1 1 1 1 s 1 g o n 1 1 a 1 1 1 w 1 1 1 q e q 1 0 1 0 0 0 0 0 0 1 p 1 1 0 1 1 1 1 1 1 0 0 1 1 z 1 1 k 0 l 0 g n 0 0 0 1 1 0 0 1 0 0 0 0 0 c p n 0 t 1 0 1 v 1 0 1 h 1 1 1 0 1 0 0 1 1 m 0 1 1 b 0 0 1 1 1 1 0 0 0 d 0 0 0 0 1 0 0 m 0 0 g 0 l 0 0 0 0 0 f j 0 0 0 0 0 f 0 b j 0 w 0 j x 0 0 d 0 0 0 1 b 1 1 0 b 0 1 1 1 0 c 1 r 0 1 1 1 0 0 k 
0 1 y 0 h 1 0 y 1 0 0 1 1 0 0 o 0 1 1 0 1 0 1 0 1 1 1 1 1 1 1 0 1 1 1 k 0 0 0 0 0 k 0 0 r 0 0 0 0 0 0 0 0 0 0 o 0 0 0 0 0 0 0 0 t 0 0 0 0 h 0 0 0 0 q 0 0 0 0 0 0 m 0 y 0 0 m 0 0 0 0 0 0 0 0 l 0 m k 0 n 0 0 h j d 0 o a 0 0 0 0 0 z 0 0 i 0 0 0 d z 0 f 0 g 0 r y 0 c 0 0 l 0 0 u 0 0 i 0 g 0 0 0 0 0 q 0 j 0 0 0 0 0 0 v 0 y 0 0 b 0 0 n 0 0 0 0 0 0 b 0 0 0 1 0 1 1 0 1 1 0 0 r 1 1 1 u 0 1 x 0 1 1 1 z 0 0 
t 1 0 s 0 r 0 q 1 q e 1 1 i b 0 0 1 1 0 1 0 1 m 1 1 1 1 1 1 1 0 1 1 1 0 1 1 0 1 0 0 e 1 1 t 1 z 1 0 1 1 1 0 q 0 1 z 1 0 a 0 o s 0 1 t 1 1 c 1 1 1 1 1 1 x 0 1 1 0 1 1 0 0 n 0 0 0 t t w 1 1 o i 1 0 0 0 0 0 1 0 0 1 0 1 0 1 0 1 o 0 0 0 0 m 0 c 0 j v 0 e w n 1 0 0 0 1 1 1 1 0 h 0 0 0 0 z 0 1 d 1 0 f 0 1 1 0 0 0 1 1 0 1 1 0 1 1 c 0 1 0 0 1 d 0 1 e 0 0 0 1 1 0 1 0 0 1 1 0 0 0 1 1 1 0 1 1 t y 1 1 1 0 l j 
0 1 0 0 0 1 0 0 0 0 0 0 y 0 0 0 0 r 0 0 0 0 s 0 m 0 0 0 0 0 0 0 a 0 0 0 0 0 0 0 0 0 0 0 0 0 0 0 z o 0 0 0 0 0 l 0 g 0 0 l 0 0 s 0 c 0 0 0 0 x 0 0 0 0 0 0 0 0 0 0 0 0 0 0 0 0 0 0 l 0 0 0 g 0 m 0 0 0 0 0 0 0 0 0 0 d t p z f i 0 0 0 0 0 0 m 0 c 0 0 a 0 0 d 0 0 0 0 0 e 0 0 0 z 0 0 0 l 0 0 0 0 1 0 o h 1 1 0 0 j 1 1 0 1 1 i 1 1 0 0 1 0 m 1 0 m 1 0 0 k 1 1 1 0 1 0 0 1 1 0 g 0 1 1 1 0 1 1 0 0 1 1 1 0 0 0 
0 1 0 0 0 1 g 0 1 0 w 1 1 0 y 0 b 1 1 0 1 0 1 0 1 1 1 0 n g i 0 0 0 e d 0 f z 0 0 v 0 0 0 0 1 0 1 j 1 1 1 b 0 0 1 0 1 0 0 x 0 1 0 1 0 1 1 0 1 0 1 1 1 1 0 q 1 1 0 1 1 0 0 0 0 a 1 0 0 0 1 1 0 0 1 0 0 j w 0 1 b 0 1 0 1 0 1 a 1 v 0 0 1 1 1 0 1 0 0 1 1 0 0 1 1 0 0 0 1 1 1 1 f 0 q 0 0 0 0 y 1 0 1 0 0 0 1 1 m l 0 1 1 o 1 1 0 1 1 0 a 1 0 0 1 0 0 1 0 a 0 1 1 1 v 1 c 0 1 1 w 0 z 1 1 1 r 1 1 x 0 1 1 1 0 b 0 
0 1 0 0 s 1 0 0 1 0 0 1 1 0 1 0 0 1 1 0 1 x 1 0 1 1 1 1 1 1 1 y 1 1 1 0 1 1 0 1 0 0 0 1 1 0 1 0 1 0 1 1 0 0 0 x 0 0 0 0 0 0 0 0 0 r 0 0 0 0 0 0 d 0 l c 0 0 0 0 0 0 0 t 0 k 0 0 1 0 0 j 1 1 0 0 1 0 0 1 0 0 1 0 0 1 0 1 0 1 0 1 0 0 0 1 1 1 v 1 0 x 0 0 h 0 y 0 m e 0 1 1 1 1 0 m 0 0 0 0 0 0 1 w 1 i 0 0 1 1 e 0 0 1 1 r 1 1 0 1 1 0 0 1 0 0 1 0 0 1 w 0 0 1 1 1 m 1 0 0 0 1 0 0 0 1 1 1 0 1 1 0 0 1 1 1 0 h 0 
0 1 0 c k 1 0 0 1 0 0 1 1 i 1 0 l 1 1 0 1 0 1 0 1 1 1 1 1 1 1 0 1 1 1 0 1 1 b 1 0 v 0 1 1 0 1 0 1 0 1 1 1 0 0 i 1 q 1 0 1 0 a 1 0 1 0 1 1 z 1 0 1 0 1 1 0 0 1 0 0 1 1 i k 0 0 0 1 0 b w 1 1 0 0 0 0 d 0 0 0 0 0 0 u 0 0 0 0 0 0 0 0 u t 0 0 r 0 0 0 0 v f p 0 0 0 0 0 0 0 0 0 0 0 y 0 0 0 0 q 0 c 0 0 0 0 0 0 0 0 0 0 0 0 g e d 0 0 0 u 0 0 0 0 0 v 0 n 0 0 1 1 1 0 1 0 0 0 1 z r h 1 1 1 0 1 1 0 0 1 1 1 0 0 0 
0 1 p h c 1 g 0 1 c d 1 1 b 1 0 0 1 1 0 1 0 1 n 1 o 0 0 w 0 0 0 0 0 o 0 0 x 0 0 0 0 0 0 0 0 0 w 0 0 0 0 0 w 0 0 a d z 0 0 l 0 0 0 w 0 0 0 0 0 0 g 0 b 0 h 0 p 0 0 0 1 0 0 0 p 0 1 0 h m 1 1 w w 1 0 0 0 0 x 0 0 0 0 z 0 l 0 0 0 0 f 0 0 e 0 0 0 0 p 0 0 0 n t 0 j b 0 j z 0 u 0 0 0 t 0 x 0 0 0 0 0 0 a 0 0 0 a 0 0 0 1 j 1 1 y 1 1 r 0 1 0 0 1 0 p 1 0 0 0 1 1 1 0 1 0 w 0 1 0 0 0 1 1 1 0 1 1 0 0 1 1 1 w 0 0 
0 1 y 0 0 1 0 0 1 1 0 1 1 m 1 0 0 1 1 0 1 0 1 0 n 0 v u i 0 b a 0 0 0 0 0 g 0 0 0 d 0 x 0 0 x 0 0 0 0 0 0 t z 0 0 0 l a 0 g 0 0 0 0 0 s 0 u 0 0 x 0 0 0 0 0 0 0 0 u n s u 0 0 s a 0 0 0 0 0 x 0 0 x 0 0 u 0 0 h 0 h 0 0 0 0 0 0 0 0 0 0 p 0 i 0 p 0 p 0 0 0 s 0 0 h x 0 0 0 0 0 0 1 0 t v d 0 1 r 1 0 0 0 1 1 i 0 q 0 b 0 g 0 0 0 0 0 o 0 0 o 0 0 s p 0 0 o a 0 x 0 p y w s 0 0 0 0 0 i 0 0 1 1 u 0 1 1 1 0 0 0 
0 1 j j 0 1 0 0 1 1 0 1 1 y 1 0 0 1 1 0 1 0 1 z 1 1 1 1 1 p 1 0 1 1 1 0 1 1 j 1 d 0 0 1 1 0 1 c 1 0 1 1 1 c i 1 i l o v 0 r u c a n 0 s c h o 0 l o f i n 0 o m a 0 i o n 1 0 b c 0 0 0 0 z 0 0 0 l 0 0 0 0 0 k 0 0 0 0 0 0 0 0 0 0 0 0 0 0 0 0 s d 0 q i 0 0 0 0 0 0 0 d 0 0 0 0 0 0 0 0 e 0 0 s x 0 0 0 0 0 d 0 0 0 0 0 0 0 0 0 0 0 z 0 0 e y 0 0 0 0 0 0 p 0 x d 0 0 x 0 0 0 p c g 0 0 e 0 0 0 0 0 y 0 0 0 0 
0 1 k 0 a 0 0 f 0 j 0 0 0 0 0 s 0 0 1 0 1 0 1 i 1 1 1 1 1 0 1 0 1 1 1 r 1 1 0 1 0 0 0 0 0 w 0 0 0 0 0 d 0 0 0 0 0 n q 0 y g x 0 p 0 0 0 0 0 0 0 0 0 v 0 s i 0 0 v v 0 h 0 0 i 0 m 0 0 0 0 0 0 t 0 0 0 s z 0 r i 0 0 a 0 t v 0 0 0 0 0 0 0 0 0 0 0 0 0 0 0 0 0 p 0 0 0 1 1 1 0 0 m 1 0 0 0 k 0 1 0 1 0 0 0 1 1 0 0 0 1 i n 1 1 0 1 1 0 0 1 0 d 1 0 e 1 k 0 h 1 1 1 0 1 g 1 0 1 0 0 s 1 1 1 0 1 1 0 0 1 1 1 j 0 0 
t 1 0 0 0 1 g 0 1 1 0 1 1 0 1 t 0 1 1 0 1 0 1 0 1 1 1 1 1 0 1 c 1 1 1 0 1 1 0 1 0 0 0 1 1 0 1 0 1 l v 0 l n 0 u 0 s 0 f 0 0 0 0 0 b 0 r 0 w 0 0 0 t 0 0 0 0 0 0 0 0 y 0 0 0 0 0 0 0 0 g o 0 0 h 0 0 0 l 0 0 0 0 0 0 h 0 0 s u 0 0 0 s e v 0 0 0 k 0 l 0 0 z 0 0 0 0 0 k 0 0 z 0 0 0 k 0 0 h q h 0 z 0 0 0 1 1 0 0 o 1 0 a 1 1 0 1 1 c 0 1 1 0 1 0 0 1 0 0 0 1 1 1 0 1 0 1 0 1 0 0 k 1 1 1 0 1 1 c 0 1 1 1 0 0 u 
z 1 t 0 y 1 h 0 1 1 0 1 1 0 1 0 o 1 1 0 1 0 1 0 1 1 1 1 1 0 1 0 1 d 1 p 1 1 0 1 v 0 j 1 1 x 1 r 1 0 1 1 1 z 0 0 1 1 1 k 1 0 j 1 0 1 0 1 1 0 0 0 0 0 0 0 0 0 0 0 z 0 q 0 0 o 0 0 0 0 g e 0 0 0 0 e 0 o 0 0 0 0 0 0 0 0 u 0 0 0 n l k 0 0 s 0 0 0 0 k v 0 0 0 0 0 0 c 0 0 0 v 0 0 0 0 0 0 0 n 0 0 0 t 0 0 o p 0 0 0 b 0 y 0 0 o 0 0 b 0 0 0 0 0 t d c 0 c 0 0 0 0 0 0 1 a 1 0 1 0 0 b 1 1 1 0 1 1 a 0 1 1 1 a 0 k 
0 1 0 0 b 1 0 0 1 1 u 1 1 0 1 0 x 1 1 0 1 0 1 n 1 1 1 1 1 0 1 0 1 0 0 m 1 1 0 1 0 0 0 1 1 0 1 0 1 k 1 1 1 c 0 0 1 1 1 b 1 0 0 0 0 0 e r 0 0 0 0 k 0 0 q 0 0 0 0 p 0 0 0 0 0 0 s 1 i 0 e 1 1 0 l 1 0 a 1 0 0 1 0 0 1 0 1 0 1 x d 0 0 0 0 0 g 0 0 a b 0 d 0 0 0 0 a 0 0 f 0 0 c m 0 0 0 z i 0 n 0 0 k p 0 0 0 0 0 0 0 0 0 0 0 1 1 1 1 0 s 1 1 0 1 0 0 1 1 0 0 1 1 1 j 1 0 1 r 1 f 0 0 1 1 1 0 1 1 1 0 1 1 1 0 0 0 
0 1 0 0 0 1 a h 1 1 q 1 1 0 1 0 x 1 1 0 1 0 1 0 1 1 1 1 1 0 1 o 1 0 o m 1 1 0 1 0 0 0 1 1 0 1 0 1 0 1 1 1 0 0 0 k 0 0 d 0 0 0 1 0 1 t 1 1 0 1 0 1 0 1 1 c 0 0 0 0 0 0 0 0 u n 0 1 u b 0 1 1 0 c 1 0 p 1 0 e 1 h 0 1 o 1 0 1 0 1 0 0 0 1 y 1 v 1 0 1 1 1 1 1 1 0 0 v 0 1 1 1 r 0 0 p c 0 0 h 0 0 0 o 0 0 0 n 1 0 0 t 1 o z 1 1 1 1 1 0 0 1 1 n 1 c 0 1 1 0 0 1 1 1 e 1 0 1 i 1 d 0 0 1 1 1 0 1 1 1 u 1 1 1 0 0 0 
0 1 0 0 l 1 0 0 1 1 0 1 1 0 1 0 0 1 0 0 0 0 p d 0 0 0 e 0 n m 0 0 0 0 0 0 0 0 n 0 b 0 0 0 0 0 a g 0 0 0 0 0 o 0 1 1 1 0 1 0 0 1 0 1 p 1 1 0 1 0 1 0 1 1 0 0 l n 0 f 0 0 0 r 0 0 1 0 0 0 1 1 q 0 1 0 s 1 o 0 1 0 m 1 0 1 y 1 c 1 p b u 1 0 1 p 1 0 d v 0 0 0 0 f 0 0 0 0 0 0 a 0 0 0 e d 0 0 g 0 0 0 0 b b l 0 d 0 0 0 0 0 0 0 0 0 0 0 h 1 1 0 1 0 a 1 1 h 0 1 1 1 b 1 0 1 x 1 0 0 0 1 1 1 y 1 1 1 0 1 1 1 k b 0 
0 1 0 0 0 1 0 r 1 0 0 1 1 0 1 0 0 1 1 h 1 0 1 0 1 1 1 1 1 j 1 0 1 u 0 s 1 1 0 1 0 g 1 1 1 1 1 t 1 0 1 1 1 0 0 0 1 1 1 0 1 0 0 1 v 1 q 1 1 0 1 0 1 l 1 1 0 0 0 t 0 0 r 0 0 a 0 m 1 q m 0 1 1 0 0 1 0 0 1 0 0 1 w 0 1 v 1 0 1 0 1 w 0 0 1 0 0 1 1 0 1 1 1 1 1 1 0 0 0 t 1 1 1 0 0 0 1 0 0 0 y 0 1 0 1 0 l h 1 1 s 0 0 1 s 0 1 1 1 1 1 k t 1 1 0 1 p 0 1 1 0 0 1 1 1 0 1 0 1 a 1 o 0 0 1 1 1 0 1 1 1 g 1 1 1 i 0 0 
f 1 0 0 0 1 w k 1 y 0 1 1 z 1 0 0 1 1 0 1 0 1 0 1 d 0 p 0 l d q 0 0 0 0 0 0 0 0 0 0 0 0 0 0 0 0 y 0 g w y 0 d l 0 d 0 0 e u 0 0 0 0 0 0 0 0 0 0 0 0 m 0 m 0 0 m 0 0 0 0 0 q 0 0 0 0 0 n 0 w 0 0 0 q 0 0 0 0 0 y t 0 0 w n 0 y o 0 0 0 p 0 o t 0 u p 0 0 0 0 0 t n j 0 0 1 1 0 0 0 1 0 s r 0 0 1 0 1 1 0 j 1 1 0 0 0 1 0 0 1 1 1 1 1 w 0 1 1 0 1 0 0 1 1 0 0 1 1 1 0 1 0 1 0 1 0 0 0 1 1 1 j 1 1 1 0 1 1 1 0 0 q 
o 1 0 w 0 1 a 0 1 0 0 1 1 0 s 0 b k 1 0 0 0 1 0 1 1 1 1 1 0 1 0 1 s h 0 1 1 0 1 k 0 1 1 1 1 1 0 1 0 1 1 1 0 0 0 1 1 1 s 1 0 x 1 0 1 n 1 1 0 1 c 1 y 1 1 0 0 0 0 0 0 0 0 0 0 0 0 1 0 0 0 1 1 0 0 1 0 0 1 m 0 1 0 0 1 0 1 0 1 0 1 k e 0 1 z 0 1 1 0 1 1 1 1 1 1 e 0 0 0 1 1 1 m 0 0 1 0 1 s r w 1 a 1 1 f 0 c 0 c k 0 l 0 0 0 0 a 0 0 0 q t 0 p 0 0 0 0 w 0 0 0 0 0 0 0 0 0 0 1 0 0 f 1 1 1 0 1 1 1 0 1 1 1 t 0 a 
0 1 0 0 a 1 x 0 1 0 0 1 1 0 1 0 0 1 1 n 0 0 1 0 1 1 1 1 1 0 1 0 1 0 0 0 1 1 0 1 0 s 1 1 1 1 1 0 1 s 1 1 1 0 u z 1 1 1 h 1 k 1 1 w 1 0 1 1 a 1 0 1 0 1 1 0 0 0 d 0 0 t 0 0 k n 0 1 0 0 e 1 1 c 0 1 0 0 1 0 c 1 0 0 1 0 1 o 1 x 1 0 q 0 1 0 0 1 1 0 1 1 1 1 1 1 0 0 0 u 1 1 1 0 k n 1 0 1 n 0 0 1 0 1 1 0 r 1 1 0 0 0 1 1 0 1 1 1 1 1 a 0 1 1 0 0 0 m 1 1 h a 1 1 1 0 1 0 1 0 1 0 0 0 1 1 1 0 1 1 1 d 1 1 1 j 0 0 
0 1 0 0 0 1 e g 1 0 0 1 1 0 1 0 0 1 1 w s 0 1 0 1 1 1 1 1 0 1 0 1 0 0 0 1 1 0 1 0 0 1 1 1 1 1 b 1 0 1 1 1 i x g 1 1 1 0 1 0 1 1 0 0 0 1 1 0 1 r 1 0 1 1 0 0 e 0 d 0 0 y 0 0 0 0 1 0 0 0 1 1 0 0 1 0 0 1 0 0 1 0 0 1 0 1 0 1 0 1 0 0 t 1 0 j 1 1 b 1 1 1 1 1 1 t 0 0 0 1 1 1 0 0 0 1 k 1 0 0 0 1 0 1 1 0 0 1 1 0 0 0 1 1 0 1 1 1 1 1 0 0 1 1 0 0 s i 1 1 0 0 1 1 1 a 1 0 1 e 1 p p 0 1 1 1 v 1 1 1 0 1 1 1 0 j 0 
0 1 0 0 0 1 0 q 1 0 0 1 1 0 1 0 0 1 1 0 0 0 1 0 1 1 1 1 1 0 1 0 1 0 f y 1 1 y 1 x o 1 1 1 1 1 h 1 0 1 1 1 0 0 0 1 1 1 e 1 o 1 1 v c 0 1 1 0 1 0 1 q 1 1 0 0 0 0 0 0 1 0 o 0 0 z 1 0 0 0 1 1 0 0 1 0 0 1 l 0 1 0 d 1 o 1 0 1 v 1 0 l w 1 1 0 1 1 0 1 1 1 1 1 1 d 0 0 0 1 1 1 0 0 c 1 0 1 0 e 0 1 0 1 1 0 0 1 1 0 0 b 1 1 0 1 1 1 1 1 0 0 1 1 j 0 f 0 1 1 0 0 1 1 1 c 1 0 0 0 g o 0 d 0 0 z 0 1 1 1 x 1 1 1 0 0 h 
0 1 0 0 q 1 0 0 1 0 o 1 1 0 1 x 0 1 1 0 0 0 0 o 1 0 p 0 0 j e 0 0 0 0 0 y 0 h q 0 m 0 t 0 0 0 0 t 0 1 1 1 0 0 y 1 1 1 i 1 0 1 1 0 0 0 1 1 j 1 0 1 0 1 1 0 0 b 0 0 0 1 0 0 0 0 0 1 0 x z 1 1 0 0 0 n i 0 0 0 w n y 0 0 0 x 0 0 0 0 0 v 0 0 0 0 f 0 0 g 0 c 0 0 n 0 h 0 0 0 j z j 0 0 0 0 f 0 0 0 l b 0 s 0 0 0 v 0 0 0 0 0 0 0 q 0 i 0 0 0 0 r k 0 0 u 0 0 0 0 0 0 0 0 o 0 0 0 n 0 0 1 1 1 0 1 1 1 0 1 1 1 0 0 0 
u 1 s 0 0 0 0 j 0 c 0 p 0 0 0 0 t 1 1 0 s 0 x 0 1 1 0 1 1 0 1 0 1 s v 0 1 1 0 1 0 0 1 1 1 1 1 f 1 0 1 1 1 0 0 0 1 1 1 0 1 0 1 1 0 a r 1 1 k 1 o 1 0 1 1 r 0 0 h 0 0 1 d 0 0 0 y 1 0 1 d 1 1 0 w z 0 0 0 0 s 0 p 0 0 0 0 q 0 0 0 n 0 0 0 a 0 0 0 0 0 0 0 s i 0 0 f 0 0 0 0 0 b 0 y 0 b i o 0 d d j c 0 0 0 0 k z 0 0 0 0 0 0 0 0 0 i t 0 d k 0 0 r 0 0 o 0 0 0 0 y 0 0 0 0 0 0 e f 0 1 1 1 0 1 1 1 0 1 1 1 0 0 g 
0 1 0 0 m h 0 b 0 h 0 s 0 0 m 0 0 g l i 0 l 0 0 i 0 j e 0 g 0 0 c 0 0 0 0 0 0 0 d 0 1 1 1 1 1 c 0 l 0 0 0 l y 0 g 0 0 0 0 0 0 0 0 0 0 0 0 0 0 0 0 z 0 a 0 0 0 0 y b 1 0 0 n 0 0 1 0 1 0 1 1 0 d 1 0 0 1 l 0 1 0 0 0 0 0 0 m 0 0 x 0 0 0 0 0 0 x 0 0 0 j 0 0 m 0 0 i p o f r 0 0 0 0 0 s 0 0 0 0 0 0 0 0 y 0 i 0 c 0 0 0 0 0 0 u 0 x f y d 0 0 o 0 h 0 0 0 0 0 0 0 p 0 0 0 z 0 0 g 0 1 1 1 0 1 1 1 c 1 1 1 n 0 0 
0 1 0 l 0 1 0 0 1 0 0 1 1 0 1 w 0 1 1 0 0 0 e i 1 1 0 1 0 0 1 j 1 0 0 e 1 1 0 1 o 0 1 1 1 1 1 o 1 v 1 1 1 0 v 0 1 1 1 r 1 0 1 1 0 0 0 1 1 f 1 c 1 0 1 1 0 0 0 s 1 0 1 0 0 0 0 0 1 o 1 0 1 1 0 0 1 0 0 1 l 0 1 m 0 1 0 1 0 1 0 1 0 z 0 g 1 0 1 1 l 1 1 1 1 1 1 0 0 0 0 1 1 1 0 0 0 0 0 0 f z 0 0 0 n o 0 0 0 0 0 0 0 0 0 0 y q 0 1 1 0 o 1 1 0 y b i 1 1 0 s 1 1 1 0 1 1 t 0 1 0 0 0 1 1 1 0 1 1 1 f 1 1 1 0 z c 
0 1 g 0 0 1 0 b 1 j 0 1 1 0 1 0 0 1 1 0 0 0 0 0 1 1 0 1 0 0 1 0 1 0 0 0 1 1 0 1 c 0 1 1 0 k 0 n m m n 0 0 o 0 0 z 0 0 0 0 0 0 x 0 0 0 1 1 0 1 0 1 0 1 1 0 0 0 0 1 0 1 0 0 s w 0 0 0 0 0 0 0 0 0 g 0 0 h 0 a g 0 0 0 l n g d r 0 0 0 0 y 0 0 0 0 0 0 0 0 i 0 0 s 0 i q 0 0 0 0 0 0 0 0 0 0 0 r t g b 0 0 r 0 0 0 q h e 0 0 0 0 y x 0 0 c 0 b 0 s 0 y 0 0 0 0 0 t 0 0 0 0 0 0 0 z h 0 0 0 0 0 0 l 0 0 0 0 0 0 0 0 
n 1 f 0 0 1 0 d 1 0 l 1 1 0 1 x m 1 1 0 0 v 1 0 1 1 w 1 0 f 1 q 1 0 u 0 0 1 0 1 t 0 1 1 1 1 1 u 1 a 1 1 1 0 0 0 1 1 1 0 1 0 1 1 0 0 j 1 1 0 1 0 1 0 1 1 0 n x 0 1 0 1 0 g 0 0 0 1 0 1 0 1 1 0 0 1 u a 1 0 j 1 o 0 1 0 1 0 1 0 1 l 0 0 e 1 0 0 1 0 1 1 1 1 1 1 0 0 0 u 1 0 0 c h k 0 s 0 0 0 a 0 0 0 f 0 l 0 0 m 0 v p 0 0 p p 0 0 0 0 0 0 d 0 0 0 0 1 1 0 0 1 1 1 n 1 p 0 0 1 0 0 g 1 1 1 0 1 1 1 0 1 1 1 0 0 0 
t 1 0 b 0 1 b 0 1 0 0 1 1 0 1 q 0 1 1 0 h 0 1 h 1 1 0 1 k p 1 0 1 0 0 0 0 1 u 1 0 h 1 1 1 1 1 e 1 m 1 1 1 0 0 0 1 1 1 0 1 0 1 1 0 0 0 1 1 c 1 0 1 0 1 1 0 0 h 0 1 g 1 0 l k 0 d 1 0 1 a 1 1 0 0 1 0 e 1 0 1 1 0 0 1 0 1 0 1 0 1 0 0 0 0 1 y q 1 0 1 1 1 1 1 1 0 0 0 0 1 1 1 0 0 0 1 v 1 0 0 0 1 0 1 1 d 0 1 k c g 0 0 1 0 t 0 0 0 i 0 0 s 0 n 0 m 0 a z t 0 0 1 1 0 1 0 h 0 1 u 0 s 1 0 1 f 1 1 1 0 1 1 a g 0 0 
0 1 0 z l 1 0 x 0 0 0 m 0 0 l s 0 0 l 0 0 0 0 0 k 0 0 0 0 0 r v 0 0 m 0 0 0 0 0 c 0 q 0 0 0 0 0 0 0 r 0 0 0 s 0 0 0 0 0 0 q k 0 0 0 0 0 0 0 v x 0 0 0 0 f 0 0 0 w 0 0 0 0 h 0 0 0 0 0 0 k 0 0 0 m q s b 0 z 0 l 0 1 c 1 d 1 0 1 0 0 0 0 1 m l 1 0 1 1 1 1 1 1 0 0 0 0 j 1 0 o 0 0 0 0 d b 0 0 0 0 0 0 0 0 0 k 0 0 0 p 0 0 0 0 0 v v f c a j 0 0 0 n x 0 0 t 0 0 0 0 y 0 0 0 i a 0 0 0 0 1 0 1 1 1 0 1 1 0 f p 0 
d 1 0 0 m 1 x 0 1 0 w 1 1 0 1 0 0 1 1 0 0 0 1 0 1 0 0 1 0 0 0 q v 0 r 0 0 b 0 1 0 0 1 1 1 1 1 p 1 t a 0 i 0 x 0 l 0 0 q 0 0 0 0 0 0 0 0 0 c 0 o f 0 0 o 0 0 0 0 0 g 0 0 a q f 0 b f 0 0 0 0 0 k 0 0 0 0 0 0 m s 0 0 0 0 0 q 0 0 0 0 0 x 0 0 0 0 0 n b 0 0 1 1 0 d l f 0 1 1 p 0 n 1 u 1 0 0 0 1 0 1 1 0 0 1 0 0 0 0 1 1 0 1 1 1 1 1 0 0 1 1 0 p 0 b 1 1 s m 1 1 1 0 1 0 z 0 1 0 0 0 1 0 1 0 1 1 1 0 0 1 0 0 0 0 
0 0 s m i e 0 0 g 0 p 0 0 m 0 e c o 0 m 0 0 1 a 1 0 d 1 0 0 1 0 1 s 0 f 0 1 0 1 0 0 1 1 1 1 1 o 1 0 y 0 k 0 0 j 0 q 0 0 0 a g 0 0 0 0 z 0 0 q 0 0 0 j 0 x r 0 0 0 f c l 0 0 0 0 0 0 o 0 u 0 0 0 0 0 q 0 c 0 z 0 0 c 0 0 s 0 0 o 0 0 0 0 0 u g 0 0 0 0 n h 0 0 0 0 0 0 0 0 0 l 0 0 0 0 0 0 i 0 0 a 0 0 v 0 0 y 0 0 0 0 0 0 0 0 0 0 0 0 0 0 0 k 0 x g 0 0 p g y 0 1 0 1 0 0 0 1 0 0 0 0 0 1 u 1 1 1 v i 1 0 0 0 0 
0 1 0 o 0 0 0 0 0 s i 0 0 o 0 0 0 0 0 0 0 q p 0 0 0 v 0 0 0 0 0 g f 0 e 0 0 e 0 0 0 f 0 0 0 r s 0 o 0 0 0 0 t m b 0 t 0 t 0 0 0 0 0 j 0 0 0 0 l 0 0 0 0 n 0 0 p 0 0 0 0 0 0 0 o s 0 w 0 1 1 v 0 1 0 0 1 e 1 1 0 0 1 0 1 d 1 0 1 0 0 e 0 1 d 0 1 0 1 1 1 1 1 1 0 0 0 e 0 1 1 0 0 0 1 0 1 k 0 0 1 0 1 1 0 0 1 0 h o f 1 1 0 1 1 1 1 1 0 w 1 1 0 0 c 0 1 1 z v 1 1 1 s 1 x i 0 1 k 0 0 0 0 1 0 1 1 w y u 1 0 0 0 0 
w 1 0 0 0 1 0 0 1 0 0 1 1 s 1 0 0 1 1 0 0 m 1 0 1 q 0 1 m r 1 0 1 0 0 d y 1 1 1 0 c 1 1 1 1 1 0 1 0 1 1 1 y w 0 1 h 1 0 0 0 0 d r 0 0 0 r d 0 0 0 0 x 0 0 0 q 0 0 0 0 0 i 0 0 0 0 v 0 0 0 b 0 0 0 f 0 0 0 0 h e 0 0 t 1 w 1 0 1 u 0 0 0 1 h 0 1 x 1 1 1 1 1 1 0 0 0 0 0 1 1 0 0 0 1 j 1 s 0 c 1 k 1 1 o 0 1 0 g 0 0 1 1 0 1 1 1 1 1 0 w 1 1 l 0 0 h 1 1 h 0 1 1 1 0 1 f q a 0 0 0 0 0 0 0 d i 0 s 0 s 1 i 0 0 0 
0 1 s e 0 1 0 0 1 k 0 1 1 l 0 m 0 m 0 0 g 0 0 0 a c d 0 0 g 0 0 0 0 q t 0 0 0 0 m 0 0 0 p 0 0 0 0 0 0 0 u 0 0 b 1 0 1 j 1 0 1 0 0 d 0 1 1 e 0 0 1 0 1 1 0 0 0 0 0 t 0 0 0 0 0 z w k s 0 0 0 0 u 0 b w o 0 0 j x r 0 0 0 0 0 v 0 b 0 q q 0 m 0 v 0 t 0 b 0 0 0 0 0 0 0 p j 0 0 v 0 0 s 0 0 w 0 0 0 0 0 0 0 0 x 0 v 0 0 z 0 0 a 0 0 0 0 y 0 v 0 0 0 s o 0 0 j 0 0 0 0 m 0 0 0 0 0 0 0 0 j 0 0 0 0 0 0 0 0 0 0 0 0 
0 1 0 a 0 1 g 0 1 0 0 0 0 0 0 e 0 k l l 0 0 0 0 0 0 x q 0 0 0 0 y g 0 0 0 0 0 v 0 0 1 1 1 1 1 0 1 f 1 1 1 0 0 0 1 o 1 0 1 0 1 0 0 h 0 1 1 0 0 l 0 a y 0 0 0 d 0 0 0 n 0 v 0 a 0 0 0 d 0 b 0 0 0 0 a 0 0 0 0 0 0 0 v 0 1 p 1 0 1 t k 0 0 1 0 0 1 d 1 1 1 1 1 1 0 0 0 0 y 1 1 0 0 0 1 0 1 0 a h 1 0 1 1 0 0 1 b v 0 0 1 1 0 1 1 1 1 1 0 0 1 1 a e 0 0 1 1 0 0 1 1 1 u 1 0 0 0 0 0 0 l 0 0 0 0 0 t j 0 x 0 0 0 c 0 
0 1 0 0 0 1 0 0 1 0 0 1 1 r 1 d 0 1 1 0 k 0 1 0 1 0 d 1 0 0 0 0 1 x 0 0 0 1 1 0 0 m 1 1 1 1 1 0 1 0 1 1 1 h i 0 1 0 1 0 1 0 1 0 0 0 0 1 1 0 l 0 1 n 1 1 0 0 z q 1 c 1 z 0 0 v 0 1 0 1 0 1 1 y 0 0 0 0 0 0 0 0 0 0 q r e 0 h 0 0 0 q 0 0 0 0 0 0 0 0 a 0 0 0 0 f 0 r u i 0 0 0 x 0 0 0 1 0 0 0 1 c 1 1 0 0 y e u 0 v 0 0 0 0 0 0 0 h s x i 0 0 z 0 0 0 v 0 p 0 m 0 a 0 0 0 0 0 0 0 k 0 0 1 0 1 1 0 1 m 1 0 0 0 0 
0 1 0 i 0 1 m 0 1 w 0 1 1 w 1 0 0 1 1 a u 0 1 0 1 u 0 1 0 h 0 0 1 0 0 0 e 1 1 0 0 0 1 1 1 1 1 v 1 a 1 1 1 0 0 0 1 0 1 0 1 q 1 y 0 0 0 1 1 0 a 0 0 v 0 0 j 0 k l 0 0 0 0 0 r 0 0 0 0 y 0 0 0 0 0 0 0 0 0 0 0 t 0 o d 0 e w 0 o 0 t e 0 0 0 0 0 0 0 w e 0 0 l m m e 0 0 y 0 0 0 0 0 0 0 q 0 0 0 y q 0 0 t 0 0 e 0 0 0 0 0 0 0 0 0 p 0 b 0 0 0 0 w 0 g p w 0 0 0 0 0 h u 0 c 0 1 0 l 0 0 c 1 f 1 1 0 1 q 1 n m x z 
0 1 k 0 1 1 0 0 0 j 0 f 0 0 0 u 0 0 0 0 0 0 0 d 0 k 0 0 0 0 0 0 0 0 j 0 0 0 b 0 0 0 0 0 l l 0 0 0 0 0 n 0 0 0 0 0 0 0 0 0 l 0 0 0 t 0 0 0 0 0 0 0 0 0 n 0 0 0 0 0 0 t j 0 0 0 0 0 0 0 0 0 0 0 0 z j 0 0 0 l 0 0 0 0 a z 0 p 0 0 0 t w 0 j 0 n v x t 0 f 0 0 k 0 o 0 g 0 0 l t p n 1 0 1 0 0 0 1 i 1 1 0 0 1 0 0 0 e 1 1 0 1 1 1 1 1 0 0 1 1 1 0 r i 1 1 0 l 1 1 1 0 1 0 0 h 1 0 0 0 v x 0 0 0 0 b 0 0 f i 0 y 0 
d 1 0 0 1 1 0 0 1 i r 1 0 0 0 0 0 q 0 0 v 0 0 o 0 g 0 0 0 0 0 v y 0 t 0 0 0 0 a 0 a 0 0 y i j 0 0 0 m t 0 a 0 k w 0 r f 0 0 1 q 0 0 0 1 1 y i 0 1 c 1 1 0 0 0 0 1 q 1 0 0 0 y 0 1 m 1 0 1 1 0 0 1 0 0 1 0 1 1 c 0 1 0 1 0 1 0 1 v 0 n 0 1 o 0 1 0 1 1 1 1 1 0 0 0 0 0 1 1 1 0 0 0 1 0 1 0 0 0 1 0 1 1 0 x 1 u 0 0 1 1 1 0 1 1 1 1 1 0 0 1 1 1 0 m 0 1 1 g 0 1 1 1 0 1 0 0 0 1 0 k 0 0 0 1 0 1 1 0 1 1 1 i 0 0 0 
w 1 0 0 1 1 0 n 1 b 0 1 1 v 1 w i 1 1 0 0 0 1 0 1 0 0 1 k 0 0 0 1 1 0 0 v 1 1 0 0 0 1 1 1 1 1 0 1 0 1 1 1 0 0 0 1 0 1 j 1 y 1 0 0 x d 1 1 0 u 0 1 0 1 1 0 0 0 0 1 w 1 0 f 0 0 0 1 x 1 i 1 1 0 z 1 x 0 1 m 1 1 0 z 1 0 1 u 1 e 1 0 0 0 0 1 0 0 1 0 1 1 1 1 1 0 l m b 0 0 0 0 0 f 0 0 0 0 m l 0 0 0 0 0 c 0 0 b 0 h u 0 0 0 0 0 0 0 f 0 i a 0 0 0 0 s 0 0 0 q m 0 p 0 e r 0 v r 0 j 0 0 x 1 j 1 1 0 0 1 1 q r 0 0 
0 1 0 0 1 1 0 0 1 0 0 1 1 0 1 0 f 1 1 s r d 0 0 0 0 0 0 0 0 0 0 0 0 0 0 0 d 0 0 0 m 0 l f 0 0 0 1 a 1 1 1 0 v 0 1 0 1 0 1 0 1 0 m 0 0 1 1 0 g 0 1 0 1 1 0 0 0 0 1 e 1 e 0 0 0 d 1 x 1 0 1 1 x 0 1 0 i 1 k 1 1 0 0 1 0 1 0 1 k 1 s 0 0 0 1 m x 1 a 1 1 1 1 1 b r 0 z 0 1 1 1 0 0 0 1 0 1 b 0 b 1 0 1 1 s 0 1 0 x c 1 1 1 r 1 1 1 1 1 k 0 1 1 1 w 0 0 1 1 e 0 1 1 1 0 1 0 0 p 1 0 0 0 0 0 1 0 1 1 0 z 1 1 s 0 1 0 
0 1 0 0 1 1 0 m 1 l 0 1 1 1 1 0 k 1 0 n 0 z o 0 0 n 0 0 e 0 0 0 0 0 m m 0 0 x 0 l v 0 0 0 u f 0 1 0 1 1 1 s 0 q 0 0 x w e 0 d 0 0 0 0 0 0 0 0 h 0 i 0 i 0 0 z l 0 0 s p j 0 0 0 0 i a k 0 y 0 0 0 v v x 0 0 0 0 k 0 0 0 0 g 0 0 0 0 0 s 0 0 0 0 0 0 0 v 0 0 0 0 0 d p 0 0 a n w 0 c 0 q 0 0 k 0 0 0 0 0 0 0 0 d k 0 f 0 0 0 0 0 y 0 0 0 0 0 0 0 0 m 0 j e 0 0 x 1 0 1 0 0 u 1 0 0 w j s 1 x 1 1 0 0 1 1 0 0 1 c 
0 1 0 n 1 1 0 0 0 0 y x 0 0 0 0 o 0 0 0 x 0 a e o 0 0 h 0 0 0 s y 0 d 0 w 0 0 0 0 0 0 0 0 a 0 0 0 0 c 0 z 0 0 0 e 0 0 l t c 0 0 0 0 0 0 c 0 z 0 0 0 0 0 0 0 0 o u z 0 m 0 0 0 v 0 m 0 0 0 a 0 d h 0 p 0 0 0 0 0 0 0 f 0 0 0 0 0 0 0 q 0 0 0 0 0 0 0 0 0 q 0 0 0 0 0 s t 0 0 0 0 0 0 0 0 0 0 0 0 n 0 0 0 0 m y 0 0 0 0 0 0 g 0 0 0 0 p 0 d i 0 k 0 q i c h 0 0 0 0 b i n 0 0 0 0 0 w 0 0 0 0 0 1 0 u 1 1 0 a 1 p 
0 1 c b 1 1 v 0 1 0 j 1 1 1 1 0 0 1 1 0 1 0 1 t 1 0 0 1 z 0 0 0 1 1 0 0 0 1 1 z 0 0 1 1 1 1 1 h 1 0 1 1 1 0 0 0 0 0 0 l 0 t 0 0 0 0 0 1 1 d 0 0 1 0 1 1 0 0 0 f 1 0 1 w 0 0 0 1 1 o 1 0 1 1 n 0 0 0 d 1 d 1 1 0 u 1 0 1 g 1 0 1 0 u 0 0 1 1 0 1 p 1 1 1 1 1 c a 0 s 0 1 1 1 0 q 0 1 0 1 0 0 h 1 0 1 1 r 0 1 0 i 1 1 1 1 0 1 1 1 1 1 0 0 0 m 0 0 w 0 0 u j 0 0 0 0 0 0 0 0 0 q 0 0 0 0 0 1 0 v 1 n 0 1 j 0 0 1 0 
l 1 h 0 1 1 u 0 1 0 0 1 0 1 1 0 i 1 1 0 1 0 1 0 1 0 0 1 d 0 0 j 1 1 s 0 x 1 1 0 0 t 1 1 1 1 1 0 1 v 1 1 1 i 0 0 1 v 1 x 1 0 1 0 0 0 0 1 1 0 0 0 0 0 1 1 0 m 0 0 1 0 1 0 0 0 0 1 1 q 1 0 1 1 u 0 f 0 0 1 0 1 1 0 x 1 0 1 0 1 0 1 0 w 1 0 1 1 0 1 l 1 1 1 1 1 0 0 0 l z 1 1 1 0 0 0 1 0 1 f 0 0 1 t 1 1 0 g 1 0 n 1 1 1 1 g 1 1 1 1 1 0 g 1 1 1 0 0 0 1 1 0 0 1 1 1 0 1 0 0 j 1 g 0 f x 0 1 0 f 1 u z 1 1 0 z 1 g 
0 1 0 0 1 1 0 x 1 n 0 1 o 1 1 0 0 1 1 x 1 0 1 h 1 0 z 1 0 0 0 l 1 1 u 0 0 1 1 0 k i 1 1 1 1 1 0 1 0 1 1 x 0 z e 1 0 1 0 1 x 1 r f 0 0 1 1 0 0 d k 0 1 1 0 0 0 0 1 0 0 0 0 0 s 0 d 0 b 0 0 0 0 0 u s j 0 0 1 1 0 n 1 0 1 0 1 0 1 0 0 1 n 1 1 0 1 0 1 1 1 1 1 0 0 0 0 0 1 1 1 0 0 0 1 0 1 0 0 0 1 0 1 1 0 t 1 0 u 1 1 1 1 0 1 1 1 1 1 0 0 1 1 1 e 0 0 1 1 a 0 0 0 i 0 0 0 0 0 0 0 0 0 0 v 1 0 0 1 0 0 1 1 0 0 1 b 
v 1 0 0 1 1 0 1 1 0 0 1 u 1 1 0 0 1 1 0 1 0 1 0 1 q 0 1 0 0 m 0 1 1 i 0 0 1 1 0 0 q 1 1 1 1 1 0 1 y 1 1 0 d 0 0 1 j 1 0 1 0 1 0 0 0 0 1 1 0 0 y b 0 1 1 0 0 s 0 1 0 1 0 0 s 0 0 x 0 u 0 l 0 0 o 0 a s s 0 q c 0 y m 0 0 p 0 0 y s 0 n 0 0 d y 0 0 t 0 0 0 u n 0 q 0 0 0 0 0 0 0 0 0 0 0 0 0 0 0 0 0 v 0 0 e 0 0 i 0 0 g 0 0 0 u c 0 r 0 0 0 0 i 0 k 0 b 0 0 0 0 e 0 0 0 0 0 f 0 0 0 f m 0 0 w j 0 0 0 b 0 0 p r 
0 1 0 0 m 0 u 0 0 0 0 u 0 0 0 b 0 0 0 0 s 0 0 0 r 0 0 0 w o 0 0 0 0 0 0 0 l 0 0 0 0 z n 0 0 0 0 0 0 0 0 0 j 0 k f 0 y p 0 0 n 0 0 f 0 0 0 0 0 0 0 0 0 u 0 0 0 l 0 0 0 c 0 0 0 0 w t 0 0 0 k b 0 0 i 0 m 0 0 0 0 0 0 q 0 0 0 0 0 0 0 0 0 0 p 0 0 0 0 j k 0 0 n l 0 0 0 0 0 0 t f 0 0 0 0 0 0 0 g r 0 0 n u z 0 0 0 k 0 j 0 0 b x 0 0 d 0 0 0 0 0 n 0 p 0 0 n 0 0 d 0 0 0 0 0 r l 0 0 0 0 1 0 0 1 0 0 1 1 0 0 1 0 
p p 0 d 1 1 0 1 1 0 0 1 0 1 1 0 0 1 1 c 1 0 1 l 0 0 k k 0 e i 0 v y r 0 x 0 0 0 y 0 0 0 0 0 o 0 w p 0 p 0 0 0 0 0 0 0 v o k 0 0 0 0 0 q 0 0 y 0 a y 0 0 0 0 0 0 0 k 0 f 0 0 0 0 0 0 f q 0 0 y 0 0 m w 0 v j 0 0 0 0 0 0 a 0 z i 0 0 0 0 0 0 0 0 0 0 g a 0 0 0 0 0 0 s 0 0 y k h b 0 0 0 0 0 0 0 t w 0 v 0 0 0 0 e 0 0 0 0 0 0 0 1 1 t r 1 1 1 0 j 0 1 1 0 0 1 1 1 p 1 j 0 0 1 0 0 0 0 0 1 0 0 1 b j 1 1 g 0 1 r 
s 1 0 0 1 1 d 1 1 0 0 1 0 1 1 f 0 1 1 j 1 0 1 0 1 0 0 1 0 0 0 0 1 t 0 0 0 1 1 0 n 0 1 1 1 1 1 0 1 1 1 1 0 0 j i 1 c 1 1 1 0 1 m 0 c b 1 1 0 g 0 0 0 1 1 0 0 0 0 1 y 1 0 0 0 a 1 1 k 1 1 1 1 0 0 m 0 1 1 s 1 1 1 0 1 0 b 0 1 0 0 0 0 t 0 0 0 0 0 0 0 a 0 0 0 0 0 0 m 0 b 0 z 0 b 0 0 0 0 0 0 0 0 e z d 0 0 0 0 i z 0 i o 0 0 0 0 j 0 e 0 0 0 z 0 b 0 0 0 0 0 f 0 0 0 0 n 0 0 u e b 0 0 d 0 0 y 1 0 0 1 0 f 0 1 0 
0 1 0 a 1 1 0 1 1 0 0 1 0 1 1 e 0 1 1 0 1 0 1 0 1 0 1 1 0 0 0 f 1 0 i 0 z 1 1 p 0 0 1 1 1 1 1 0 1 1 1 1 0 0 0 0 1 0 1 1 1 0 1 c 0 0 0 1 1 0 0 0 f 0 1 1 w x 0 1 1 0 1 0 0 0 0 1 1 0 1 1 1 1 0 0 0 0 1 1 0 1 1 1 t 1 0 0 0 1 0 1 0 0 1 0 1 1 0 1 0 1 1 1 1 1 t 0 0 0 0 1 1 1 0 0 0 1 0 1 0 1 0 1 0 1 1 0 o 1 i 0 1 1 1 1 0 1 1 1 1 1 0 o 1 1 1 0 m 0 1 1 0 0 1 1 1 0 1 0 0 0 1 0 0 0 0 0 1 0 0 1 a t 1 e 0 0 1 0 
0 1 t 0 1 1 0 1 1 w 0 1 0 1 1 j 0 1 1 0 1 z 1 s 1 0 1 1 0 0 0 s 1 q v 0 0 1 1 i t 0 1 1 1 1 1 0 1 1 1 1 0 f c 0 1 0 1 1 0 0 1 b 0 0 0 1 1 0 b 0 p 0 1 1 0 r 0 1 1 0 1 0 0 0 i 1 1 y 1 1 1 1 r 0 0 0 1 1 0 1 1 1 0 1 a 0 0 1 0 g w k 1 0 1 1 0 1 n 1 1 1 1 1 b 0 0 0 b 1 1 1 0 0 i 1 0 1 m 1 0 1 0 1 1 j 0 1 0 0 1 1 1 1 r 0 0 0 h p 0 0 a i 0 j 0 0 k s 0 0 0 0 0 0 h 0 u w 0 e 0 0 0 0 0 0 f w 0 v 0 0 g s 1 0 
0 1 0 0 1 0 0 1 1 m 0 1 0 1 1 q h 1 1 0 1 0 1 0 1 0 1 1 0 0 0 0 1 0 l 0 0 1 1 0 h 0 1 1 1 1 1 r 1 1 1 1 0 0 0 t 1 s 1 1 z 0 0 m 0 u a 1 1 0 0 0 0 0 1 1 0 i 0 1 1 0 1 0 1 0 0 1 1 z 1 1 1 1 0 0 0 j f 1 0 1 1 1 l 1 0 0 0 1 p 0 y 0 1 z 1 1 0 1 t 1 1 1 1 1 0 0 0 0 0 1 1 1 0 0 p 1 0 1 0 1 0 1 0 1 1 v 0 1 0 0 1 1 1 1 t 1 1 1 1 1 0 0 1 1 1 z 0 0 1 1 0 e 1 1 1 q 1 0 0 0 1 0 0 t 0 s 1 0 0 1 0 0 1 0 0 0 1 0 
w 0 0 i 1 0 a 1 1 0 0 1 0 1 0 v 0 p p 0 0 0 0 0 l 0 0 0 0 b 0 0 0 0 0 n a 0 0 z 0 0 0 0 e d 0 0 b 0 0 q 0 a 0 c 0 0 0 0 0 x 0 0 t i 0 c 0 n 0 h 0 0 0 0 0 0 0 y 0 0 b 0 0 0 0 0 0 0 v a n 0 n 0 0 0 0 0 q m 0 0 0 m 0 0 0 0 j 0 v 0 0 0 c 0 h z c 0 0 0 d c y n 0 f l c e k n e g 1 0 1 0 0 0 1 0 1 1 0 r 1 0 0 1 1 h 0 u 0 0 0 0 0 0 0 q y 0 0 a 0 n 0 o 0 0 z 0 0 0 0 0 0 1 y 0 r k 0 1 0 0 1 0 0 1 0 0 0 1 0 
f q 0 0 1 0 o 1 1 0 0 0 0 j y 0 0 0 0 p 0 0 z b 0 0 0 0 0 0 0 0 m 0 0 i 0 0 0 0 0 0 o p 0 0 b 0 0 0 d 0 0 0 0 v 0 0 n r j 0 0 0 0 0 b 0 0 0 0 0 0 0 g s 0 0 0 z 0 v 0 0 0 0 0 0 0 0 0 0 0 c y r 0 z u l b 0 0 0 0 f 0 0 0 0 0 0 0 0 0 0 0 c a 0 0 0 0 0 s 0 0 0 0 t 0 w 0 0 0 0 n 0 0 0 g s 0 0 0 b i 0 0 a 0 0 0 0 0 s 0 0 0 0 0 q 0 0 0 0 0 0 0 c 0 0 s 0 0 0 0 0 p 0 v 0 0 0 0 g 0 0 o 0 e m 0 d 0 w 0 0 1 0 
0 x u z 1 0 0 0 x d 0 h 0 0 0 p 0 0 0 0 i 0 0 0 0 z v 1 0 0 0 t 1 0 t 0 e 1 1 1 0 0 1 0 n m 0 w 0 o 0 0 0 0 0 0 m r w 0 t c c 0 0 y 0 0 0 0 0 0 0 0 0 0 0 0 0 0 0 y 0 0 c 0 0 k 0 0 0 q 0 s 0 o t 0 0 0 0 0 s 0 0 b 0 0 0 v 0 0 0 0 0 0 j 0 0 h 0 0 0 0 0 c 0 c 0 0 0 0 0 0 g 0 0 0 0 i 0 0 y m 0 f 0 d 0 0 0 0 0 0 0 b 0 0 v 0 0 0 t 0 0 0 0 d 0 0 y 0 0 c 0 0 0 g 0 0 f 0 0 0 0 0 0 m 0 x h 1 0 0 1 0 0 1 1 y 
0 c 0 m 1 b 0 1 1 0 0 1 0 1 1 z f 1 1 0 1 0 1 y 1 w 1 0 0 0 m 0 1 0 0 1 0 0 0 v 0 0 0 0 0 0 0 0 c 0 o 0 l o f i 0 f o 0 a 0 i 0 n 1 0 1 1 0 0 0 0 0 1 1 0 0 r 1 1 e 1 0 1 e 0 1 1 0 1 1 i 0 0 0 0 0 0 0 0 0 u 0 0 0 0 0 a 0 0 g 0 m v 0 0 0 0 0 0 0 0 0 f t 0 0 0 0 0 0 a e k 0 0 0 0 0 q 0 0 d 0 0 0 0 0 o 0 0 u s 0 0 0 q n 0 e 0 0 0 0 0 0 0 0 0 1 1 0 r 1 1 1 0 1 0 0 q 1 0 0 0 0 0 1 1 0 1 a o 1 0 g 1 1 p 
0 0 0 0 1 0 h 1 1 h 0 1 0 1 1 z 0 1 1 0 1 r 1 0 1 y 1 0 0 0 0 u 1 0 0 0 a 1 1 1 0 0 1 1 1 1 1 k 1 1 1 1 0 d 0 0 1 s 1 1 1 0 1 n n i y 1 1 0 0 0 0 0 1 1 0 0 0 1 1 0 1 v 1 0 a 1 1 0 1 1 1 1 0 0 0 0 1 1 0 1 1 1 0 1 0 0 i 1 0 0 0 0 1 0 1 1 g 1 0 1 1 1 1 1 0 0 0 0 z 1 1 1 0 d h 1 d 1 0 i 0 1 0 1 1 0 v 1 z m 1 1 1 1 0 1 1 1 1 1 l t 0 1 1 0 0 d 1 1 0 0 1 1 1 0 1 0 0 0 1 0 0 0 0 0 1 1 k 1 0 n 1 0 0 1 1 0 
0 0 0 b 1 0 0 1 1 0 0 1 0 1 1 0 0 1 1 0 1 0 1 0 1 0 1 d u 0 1 0 1 0 q 0 0 1 1 1 0 0 1 1 1 1 1 0 1 1 1 1 0 u o 0 1 0 1 1 1 0 1 0 0 1 0 1 1 0 0 0 g t 1 1 0 0 g 1 1 0 1 0 1 0 0 1 1 0 1 1 1 1 0 0 0 0 1 1 0 1 1 1 1 1 i q p 1 c o 0 0 1 t 1 1 0 1 0 1 1 1 1 1 0 z 0 0 0 1 1 1 0 x 0 1 0 1 u 0 0 1 0 1 1 0 c 1 0 1 1 1 1 1 q 1 1 1 1 1 0 0 f 1 1 q l 0 1 1 n f 1 1 1 0 1 h 0 0 1 0 l 0 0 0 0 n c 0 0 0 0 r x 0 1 e 
0 0 r r 1 u 0 1 1 0 0 1 0 1 1 0 0 1 1 0 1 0 1 0 1 0 1 l 0 p 1 0 1 0 0 v 0 1 1 1 0 0 0 0 0 0 0 0 f 0 0 0 v 0 0 0 d 0 0 0 0 t 0 n 0 0 0 s 0 n 0 0 0 0 0 0 i 0 o l 0 0 f 0 0 0 v 0 t 0 0 0 0 i 0 n v 0 h q b 0 0 0 0 0 0 0 0 0 0 0 s 0 d 0 a 0 d 0 0 0 0 x 0 0 0 a 0 i 0 r 0 0 f 0 0 0 p 0 0 s 0 0 p 0 v h 0 r 0 0 0 0 0 v 0 0 0 n 0 0 0 o 0 a 0 b v 0 p 0 x l q 0 0 0 0 p l 0 0 x 0 0 q 0 1 1 0 1 z 0 1 f 0 1 1 0 
0 j 0 0 1 w 0 1 1 p 0 1 0 1 1 0 n 1 1 0 1 0 1 0 1 0 1 0 f 0 1 0 1 b 0 0 0 1 1 1 0 0 1 1 1 1 1 0 1 1 1 1 0 o h 0 1 0 1 1 1 0 1 l 0 1 0 1 1 0 s 0 0 m 1 1 0 0 s 1 1 j 1 0 1 0 0 1 1 a 1 1 1 1 n 0 0 0 1 1 0 1 1 1 1 1 0 0 w 1 0 0 0 0 1 0 1 1 q 1 d c k 0 0 0 0 0 z 0 0 0 u 0 0 0 0 t 0 0 q l z 0 e 0 0 0 0 0 z 0 0 p 0 0 0 0 n 0 k 0 q 0 0 s 0 e 0 0 0 0 0 0 0 x 0 0 1 0 0 0 1 0 m t 0 0 1 1 q 1 0 0 1 o 0 1 1 0 
0 i 0 t 1 0 0 1 1 0 0 1 0 1 1 i i 1 1 k 1 0 1 0 1 y 1 0 h 0 1 0 1 r x z f 1 1 1 l 0 0 0 0 u x 0 o 0 e a 0 0 0 0 0 0 0 0 c r u 0 f 0 0 0 v c 0 d a 0 0 z 0 0 0 g 0 0 0 0 i 0 0 0 o 0 i 0 m 0 t 0 0 0 0 0 v g d 0 s 0 x 0 0 k 0 n 0 0 r 0 0 0 0 0 0 c 0 0 z m p 0 0 0 0 o 0 r 0 0 u 0 o 0 0 0 0 0 0 0 x o f e 0 0 0 j c 0 0 r 0 0 0 0 r 0 d 0 0 0 0 l b w 0 p x 0 0 0 1 c q 0 1 0 t 0 k l 1 1 0 1 0 0 1 p 0 1 1 0 
0 0 t 0 i 0 0 x 0 0 c 0 0 x 0 0 0 0 d 0 0 0 0 m 0 b t 0 h 0 0 0 0 n 0 0 p 0 e p 0 0 0 h 0 b u 0 s 0 m 0 h 0 0 0 d h 0 0 0 g 0 0 0 0 0 0 0 0 c 0 a 0 0 i 0 0 0 h 0 0 n 0 0 0 0 0 i a 0 t 0 b 0 g 0 0 0 0 c f 0 0 p 0 0 0 y 0 j 0 0 p u l l 0 0 0 0 0 u 0 0 v 0 0 j b 0 n 0 0 o 0 0 1 0 1 0 0 0 1 0 1 1 e 0 1 0 1 1 1 1 1 l 1 1 1 1 1 z 0 0 1 1 0 0 0 1 1 l i 1 m 1 c 1 b s 0 1 0 0 z 0 0 1 1 0 1 0 0 1 0 0 1 1 a 
0 v 0 0 1 0 0 0 0 0 0 i 0 0 0 j v 0 0 0 0 j 0 0 0 0 0 0 0 0 0 0 e 0 v w 0 0 l 0 0 0 0 0 0 0 0 0 0 0 0 0 0 b 0 p 0 y t 0 0 0 0 g i 0 p n c w 0 z y 0 0 0 d 0 u o r 0 0 0 0 p 0 0 0 0 0 0 0 0 r 0 0 0 0 0 0 0 0 0 0 0 0 j 0 0 0 0 0 0 0 0 0 0 0 0 r 1 1 1 1 1 t 1 0 0 0 1 1 a 0 c a 1 v 1 0 0 d 1 a 1 1 0 0 1 0 1 1 1 1 1 0 1 1 1 1 1 0 0 g 1 1 1 c 0 1 1 1 v 1 0 1 o 1 0 c 0 1 0 0 0 0 0 1 1 0 1 0 g 1 0 0 1 1 0 
p 0 0 0 1 0 0 1 1 c 0 1 0 1 1 0 0 1 1 0 1 0 1 0 1 0 1 0 0 0 1 0 1 0 0 0 0 1 1 1 0 h 0 0 x 0 o 0 0 0 0 0 0 c 0 0 0 0 0 g 0 v 0 p 0 0 0 0 1 0 0 0 n 0 1 1 t 0 u 1 1 0 1 0 1 0 t 1 1 q 0 1 1 1 z 0 0 0 1 1 v 1 1 1 0 1 k 1 0 1 0 z e 0 1 0 1 1 0 1 0 1 1 1 1 1 0 1 0 c 0 1 1 0 0 0 0 1 c 1 b 0 0 1 0 1 1 0 0 1 o 1 1 1 1 1 u 1 1 1 1 1 e 0 p 0 1 1 0 0 1 1 1 0 1 0 1 l 1 0 i q 1 f 0 0 0 0 1 1 0 1 0 0 1 0 b 1 1 0 
0 q 0 g 1 1 0 1 1 k d 1 x 1 1 0 0 1 1 0 1 0 1 a 1 n 1 0 0 0 1 0 1 0 0 0 x 1 1 1 0 1 1 1 1 1 1 0 1 1 1 1 n 0 u c 0 r 0 0 0 0 0 0 0 c g 0 r 0 0 0 0 0 0 u 0 0 0 0 0 0 0 k 0 0 0 0 0 v 0 0 0 0 0 h 0 b 0 0 0 0 0 i 0 0 0 m s 0 0 0 0 y 0 y 0 d 0 0 y 0 w 0 0 1 0 1 e 0 0 1 1 0 0 g 0 1 e 1 m e 0 1 0 1 1 a 0 1 0 1 1 1 0 1 0 1 1 1 1 1 0 0 0 0 1 1 0 0 1 1 1 0 1 0 1 q 1 v f 0 1 0 0 0 a 0 1 1 h 1 0 0 1 0 0 1 1 f 
0 0 0 x 1 1 0 1 1 0 0 1 0 1 1 0 0 1 1 0 1 0 1 0 1 0 1 0 0 m 1 c 1 0 0 0 0 1 1 a 0 0 0 0 0 0 0 0 0 0 0 u z p 0 0 g o q 0 0 0 0 l 0 0 0 0 0 e 0 r e 0 u s 0 f 0 k 0 0 0 0 0 z o 0 0 0 0 0 0 c 0 0 f 0 0 0 p 0 0 r 0 0 b i 0 0 0 0 0 0 0 0 0 0 0 0 0 0 0 0 0 0 0 0 e 0 0 d 0 n 0 v 0 0 0 0 0 b 0 t w 0 0 0 l 0 0 0 m x b 0 0 b 0 0 0 0 0 0 0 0 1 1 h 0 1 1 1 q 1 0 1 s 1 0 0 1 1 0 v 0 i t 1 1 p 1 h i 1 0 0 1 1 0 
t o 0 0 1 1 0 1 1 0 0 1 b 1 1 0 k i 0 0 i 0 b p 0 0 0 0 0 0 f 0 0 0 m 0 0 l 0 0 0 q 0 0 0 0 0 0 s 0 0 0 z k 0 z 0 0 0 e k f 0 j 0 n 0 0 p 0 r 0 o k x w z 0 0 0 0 0 0 0 0 0 j 0 0 0 0 l 0 q e 0 0 e 0 h 0 0 0 a 0 r z 0 r 0 z i o s y 0 0 a z o 0 0 0 0 0 n 0 0 0 0 0 0 0 0 0 0 0 0 h 0 0 0 0 0 o 0 0 0 0 0 0 0 a 1 r 1 0 1 1 1 1 1 v 0 0 0 1 q 0 0 1 1 1 0 1 l 1 0 1 x 0 1 1 1 0 b 0 0 1 1 j 1 0 0 1 0 0 1 1 0 
p 0 z x 1 1 f 1 1 m w 1 n 1 1 t 0 1 1 b 0 0 1 l 1 r 1 0 c 0 1 0 1 w 0 m 0 1 1 1 0 1 1 1 1 1 1 z 1 1 1 1 0 0 1 0 1 0 1 1 1 0 1 0 b 1 0 1 1 0 0 0 e 0 1 1 0 0 0 1 1 0 1 f 1 0 p 1 1 0 x 1 1 1 0 k 0 0 1 1 0 1 1 u 0 0 0 0 0 0 0 0 0 0 0 b v k p 0 0 0 0 n 0 h 0 0 0 0 p t b 0 0 0 0 0 0 0 0 0 0 h 0 0 0 c 0 h y 0 0 t 0 0 0 0 p 0 0 0 0 0 0 a 0 0 0 0 r 0 0 z u 0 0 h j p 0 0 0 0 0 0 0 x 1 1 q 1 n v 1 0 x 1 1 h 
f l j f 1 1 0 1 1 0 0 1 d 1 v 0 0 0 0 0 f v q b 0 a k 0 0 0 y 0 0 0 0 d 0 0 0 0 0 0 0 0 0 z 0 u y n z 0 0 0 0 m 0 c 0 0 0 0 0 0 0 0 0 j 0 h 0 0 0 0 0 0 a j r 0 k t 0 b 0 0 0 0 0 q o 0 0 f c 0 0 0 0 0 0 0 f q 0 b v l 0 u 0 0 z 0 s 0 0 0 0 0 0 n h 0 0 f c 0 0 0 x a 0 0 0 f 0 t y s 0 s 0 0 v 0 0 0 i 0 e z h 0 0 1 0 1 1 1 1 1 e f 0 0 1 n 0 w 1 1 1 x 1 f 1 0 1 w a 1 1 1 e 0 x 0 1 1 0 1 0 g 1 1 0 1 1 0 
t u 0 o 1 1 0 1 1 0 0 1 0 1 1 0 0 1 1 y c p 1 0 1 0 1 0 0 0 1 0 1 k m 0 0 1 1 1 m 1 1 1 1 1 1 x 1 1 1 1 0 0 1 0 0 z 1 1 1 0 1 0 0 1 0 1 1 0 t 0 b 0 1 1 0 0 0 1 1 j a 0 0 0 q 0 s 0 0 0 0 0 0 g 0 0 0 0 u 0 0 0 0 v w 0 0 0 0 0 k y 0 0 0 f w 0 0 t 0 0 0 0 0 0 0 0 0 0 v 0 f 0 0 t 0 0 t 0 0 0 0 w k 0 0 g 0 0 0 0 l q 0 1 1 1 1 1 0 0 0 0 1 0 0 0 1 1 1 d 1 0 1 0 1 0 b 0 0 x 0 0 0 0 1 1 0 1 0 0 1 1 0 1 1 y 
m 0 0 0 1 1 p 1 1 0 x 1 0 1 1 0 j 1 1 0 0 0 1 0 1 0 0 0 0 0 v 0 0 0 0 p 0 0 0 0 0 t 0 0 h 0 0 0 0 0 a 0 0 0 0 y z 0 x 0 0 0 0 0 q c 0 0 0 0 0 0 a d 0 0 0 0 l 0 0 0 0 0 0 0 0 y n y m 0 0 0 y 0 0 y y u m 0 q e 0 0 0 0 i 0 0 0 u 0 0 0 0 w 0 1 0 1 1 1 1 1 m 1 r c 1 1 1 b 0 0 n 1 0 1 i 0 1 1 0 1 0 p 0 1 0 1 1 1 w 1 0 1 1 1 1 1 0 0 0 0 1 0 0 0 1 1 1 0 1 k 1 m 1 0 z 1 1 1 0 0 r 0 1 1 0 1 b 0 1 1 0 1 1 f 
n c 0 b 1 1 0 1 1 t 0 1 0 1 1 0 0 1 1 0 k 0 1 0 1 0 1 z u p 1 f 1 y 0 0 0 1 1 1 q 1 1 1 1 1 1 0 1 1 1 1 p t 1 b l 0 1 1 1 g 1 0 0 1 0 f 0 c 0 c r 0 0 l 0 0 0 f 0 0 0 w 0 l 0 0 0 t m 0 0 0 c 0 l 0 0 0 z 0 0 0 0 x 0 0 g c 0 0 0 k 0 0 0 0 0 0 l 0 h 0 0 0 l 0 0 0 s 0 0 0 0 0 0 0 o w 0 0 v 0 0 0 0 0 p 0 q 0 0 1 0 1 x 1 1 1 1 1 0 g 0 0 1 0 0 e 1 1 1 x 1 0 1 0 1 0 0 1 1 1 0 0 0 0 1 1 k 1 0 1 1 1 0 1 1 0 
0 o 0 0 1 1 0 1 1 0 0 1 o 1 1 0 l 1 1 0 0 v 1 0 1 0 1 0 0 y 1 0 1 0 1 0 0 1 1 1 0 1 1 1 1 1 1 y 1 1 1 1 q i 1 0 0 0 1 1 1 f 1 0 1 1 0 1 1 0 0 0 f f 1 1 0 0 0 1 1 0 1 0 1 p 0 1 1 0 q 1 1 1 0 0 0 g 1 1 0 1 1 1 j 1 r 1 0 1 e 0 0 0 1 h 1 1 0 1 0 1 1 1 1 1 0 e y p 1 1 1 0 0 a 0 1 0 1 v 0 1 1 d 1 0 0 0 1 s 1 1 1 0 1 y 1 1 1 1 1 0 b n 0 1 q 0 v 1 1 1 u 1 0 1 s 1 e 0 1 1 1 p 1 0 0 1 1 k 1 0 1 1 1 0 1 1 0 
0 u 0 0 1 1 0 1 1 0 o 1 0 1 1 y 0 1 1 t 0 p 1 0 1 0 1 0 k 0 1 a 1 0 1 0 0 1 1 1 m 1 1 1 1 1 1 0 1 1 1 1 0 0 0 0 t 0 0 u 0 0 0 f 0 0 0 0 0 0 0 0 r k a 0 z g i 0 t v 0 0 0 0 0 0 0 0 0 l 0 0 i g l l v o 0 a 0 0 0 0 0 h 0 0 0 0 r 0 0 0 u 0 0 0 h 0 b x 0 1 e u 0 1 1 1 1 0 0 0 0 1 v 1 0 v 1 1 0 1 0 t s 1 w 1 1 1 0 1 j 1 1 1 1 1 0 z g 0 1 0 0 0 1 1 1 0 1 0 1 c 1 0 p 1 1 1 0 1 1 0 1 1 0 1 0 1 1 1 0 1 1 y 
0 0 0 0 1 1 v 1 1 0 0 1 0 1 1 a 0 1 1 0 q 0 1 0 1 w 1 0 g 0 1 p 1 0 1 0 w 1 1 1 0 1 1 1 1 1 1 n 1 1 1 1 0 y 1 p 0 0 1 1 1 0 1 0 1 1 r 1 1 0 0 v 0 0 1 1 0 0 0 1 1 0 1 m 1 0 l 1 1 1 w 0 1 1 y 0 0 b 1 1 w 1 1 1 0 1 r 1 1 1 a w 0 0 1 0 1 1 0 1 o 1 1 1 1 1 0 0 b 1 1 1 1 k 0 0 0 1 r 1 q 0 1 1 0 1 s 0 i 1 d 1 1 1 0 1 0 1 1 1 1 1 0 0 0 0 0 0 0 0 0 0 n 0 0 r k q v 0 v f 0 j 0 0 0 0 a 0 0 0 0 0 0 0 0 1 1 0 
0 0 0 0 1 1 c 1 1 0 0 1 q 1 1 d 0 1 1 0 0 0 1 e 1 0 1 0 u s 1 0 1 0 1 o g 1 1 1 0 1 1 1 1 1 1 0 1 0 1 1 0 0 1 f u k 1 1 1 0 1 0 1 1 1 1 1 y 0 0 w 0 1 1 0 0 0 1 1 0 1 0 1 0 0 1 1 1 1 0 1 1 k 0 0 0 1 1 0 1 1 1 0 1 n 1 1 1 0 j 0 m 1 0 1 1 0 1 0 1 1 1 1 1 m 0 u 1 1 1 1 0 p 0 w 1 0 1 0 0 1 1 0 1 p 0 0 1 0 1 1 1 0 0 0 0 0 0 u y x 0 0 0 0 h q 0 x 0 0 0 1 d 1 k 0 0 0 1 1 1 0 1 1 p 1 1 0 1 0 1 1 1 0 1 1 0 
0 0 0 0 1 1 0 1 1 0 0 1 0 1 1 0 0 1 1 0 1 0 1 0 1 d 1 0 0 0 1 q 1 0 1 0 0 1 1 1 l 1 1 1 1 1 1 q 0 i 0 0 0 0 0 0 f 0 0 x w 0 v 0 0 d 0 0 0 g 0 h 0 0 0 0 0 0 0 j 0 0 0 0 v 0 n 0 1 1 1 e 1 1 0 0 d 0 1 1 0 1 1 1 0 1 0 1 1 1 0 0 0 e 1 0 1 1 0 1 0 1 1 1 1 1 0 0 d 1 1 1 1 0 x 0 0 1 0 1 b x 1 1 v 1 w 0 0 1 x 1 1 1 0 1 k 1 1 1 1 1 0 i 0 0 1 0 0 0 1 1 1 0 1 0 1 0 t 0 r 1 1 1 0 1 1 0 1 1 d 1 a 1 1 1 0 1 1 0 
0 g 0 u 1 1 0 0 f 0 w 0 0 0 b 0 0 0 f 0 0 0 0 0 0 p 0 0 0 i 0 0 s k 0 0 0 0 i 0 0 w 0 p 1 1 1 0 1 0 1 1 0 0 1 0 0 0 1 1 1 0 1 0 1 1 c 1 1 0 0 y 0 e 1 1 0 0 0 1 1 0 1 0 1 0 l 1 1 0 1 i 1 1 0 b g 0 1 1 0 1 1 1 0 1 0 1 1 1 0 0 0 0 1 0 1 1 0 1 0 a 0 0 0 0 0 r q 0 0 0 0 l 0 n 0 t m 0 0 0 0 0 o 0 0 0 0 0 0 0 0 x 0 0 0 0 0 n 0 h 0 0 0 0 0 0 v d b 0 y 0 d y 1 z 0 0 0 1 1 1 0 1 1 0 1 1 0 1 h 1 1 1 p 1 1 0 
x 0 0 g 1 1 0 1 1 0 0 1 0 1 1 t r 1 1 0 1 0 1 0 1 0 1 s 0 0 1 r 1 0 1 0 0 1 1 1 0 1 0 l 0 0 0 0 0 m w 0 0 u 0 0 0 0 0 0 0 0 0 h i 0 0 0 0 w k 0 0 0 0 u 0 0 0 n 0 0 v k 0 0 n h 0 0 0 n 0 i 0 0 0 0 1 1 0 1 1 1 0 1 d 1 1 1 v k 0 0 1 u 1 1 0 1 a v 1 1 1 1 x 0 d 1 1 1 1 0 n 0 p 1 r 1 0 0 1 1 0 1 c 0 0 1 1 1 1 1 0 1 z 1 1 1 1 1 0 0 0 0 1 0 0 0 1 1 1 0 1 0 1 0 0 0 0 1 1 1 0 1 1 r 1 1 0 1 0 1 1 v x 1 1 e 
0 0 0 0 1 1 a 0 1 j 0 1 0 1 1 0 q 1 1 0 1 0 1 0 1 x 1 0 w 0 1 s 1 0 1 0 e 1 1 1 d 1 1 1 1 1 1 0 1 0 1 1 0 0 1 0 0 s 1 1 1 0 1 0 1 1 0 1 1 x q 0 0 0 1 1 0 0 0 1 1 0 1 s 1 0 z 1 1 0 1 y 1 1 i 0 h k 1 1 0 1 1 1 0 1 1 1 1 1 0 0 0 0 0 b 1 1 0 1 0 0 1 1 1 1 o 0 0 1 1 1 1 0 0 0 0 1 r 1 f d 1 1 0 1 0 y e 1 1 1 1 1 0 1 n 1 1 1 1 1 t b c 0 1 0 0 0 1 0 1 x 1 l 1 0 0 w h 1 1 1 q 1 1 0 1 1 0 1 c 1 1 0 0 1 1 q 
0 0 0 g 1 1 0 0 1 0 0 1 0 1 1 0 0 1 1 0 1 0 1 c 1 0 1 y 0 0 1 0 1 0 1 0 l 1 1 1 0 1 1 1 1 1 1 0 1 0 1 1 0 0 1 0 p f 1 1 1 0 1 0 1 1 0 1 1 0 0 0 0 g 1 1 0 1 d 1 1 n 1 0 1 0 h 1 1 b 1 0 0 1 w a p 0 1 1 0 1 1 1 0 0 q 0 0 u o i j 0 0 0 0 0 z e u d h 0 0 0 p 0 0 0 0 0 q z 0 e 0 0 0 0 k h w w p z 0 w i 0 m 0 0 0 0 0 0 0 0 0 0 0 0 0 p 0 0 0 0 h 0 0 s y 1 0 1 0 u 0 0 1 0 t 0 1 1 0 1 1 0 1 0 1 1 0 f 1 1 m 
0 0 0 0 1 1 0 j 1 0 e 1 0 1 1 0 0 1 1 0 1 0 1 0 1 e 1 g 0 0 1 0 1 0 1 0 0 1 1 1 v 1 1 1 1 1 1 e 1 f 1 1 m 0 1 0 0 0 1 1 1 0 0 0 0 0 0 l 0 0 0 0 0 l g 0 o 0 0 z 0 c q 0 0 n 0 y 0 0 0 0 0 0 0 n t 0 a 0 0 0 0 0 k 0 0 d a m 1 n 0 i t 0 0 0 0 0 i 0 o l o 0 0 c 0 0 n 0 0 0 r 0 v 0 l 0 1 0 1 1 0 1 0 0 0 1 1 1 1 1 u 1 0 1 1 1 1 1 0 0 k 0 1 a t 0 1 0 1 0 1 0 1 0 0 0 s 1 1 1 x 1 1 0 1 1 o 1 0 1 1 u c 1 1 v 
0 0 0 o 0 1 0 x 1 1 0 1 c 1 1 0 k 1 1 0 1 n 1 0 1 0 1 0 0 h 1 0 1 g 1 0 0 1 1 1 0 1 1 1 1 1 1 1 1 0 1 1 0 0 1 0 q 0 1 1 1 l 1 0 1 1 0 1 1 n 0 s 0 0 1 1 0 1 o 1 1 n 1 w 1 y 0 1 1 e 1 1 0 1 0 v 1 0 1 1 0 1 1 1 0 1 1 1 1 1 u r 0 k 0 y 1 1 0 1 m 0 1 1 1 1 0 0 0 1 1 1 1 0 0 t 0 1 0 1 e 0 1 1 j 1 e 0 0 1 1 1 1 1 f 1 n 1 1 1 1 1 1 0 0 0 1 c 0 h 1 0 1 0 1 0 1 g 0 k 0 1 1 1 0 1 1 j 1 1 b 1 0 1 1 w y 1 1 x 
0 0 0 a 0 1 0 0 1 1 0 1 0 0 b 0 0 0 d 0 0 0 a 0 0 z 0 0 0 0 k 0 1 0 1 e 0 1 1 1 d 1 1 1 1 0 1 1 1 x 1 1 0 0 1 q d 0 1 1 1 0 1 k 1 1 0 1 1 d 1 0 0 0 1 1 v 1 0 1 1 0 1 0 1 0 d 1 1 n 1 1 0 1 g 0 1 0 1 1 0 1 1 1 x 1 1 1 1 1 0 0 j 0 0 n 1 1 s 1 0 0 1 1 1 1 u j 0 1 1 1 1 o 0 w 0 1 t 1 0 r v 0 0 k 0 0 0 n 0 0 1 0 0 0 k 0 0 0 0 0 0 0 0 a 1 0 k d 1 0 1 0 1 q 1 1 0 0 c 1 1 1 d 1 1 0 1 1 0 1 0 1 1 r 0 1 1 0 
0 0 0 0 0 1 c 0 1 1 z 1 0 1 1 y p 1 1 q 1 m 1 a 1 0 1 0 t 0 1 e 1 0 1 0 r 1 1 1 0 1 1 1 1 0 1 1 1 0 1 1 v i 1 0 0 0 1 1 1 0 1 0 0 1 v 1 1 m 1 0 0 0 1 1 0 1 0 1 1 i 1 x 1 0 l 1 1 0 1 1 0 1 v 0 1 y 1 1 0 0 n 0 b 0 0 0 0 0 m w 0 0 k 0 p 1 0 1 0 0 0 t e 0 p 0 0 0 0 h 0 0 0 0 0 0 0 0 0 0 0 0 0 g g 0 s 0 k a i 0 0 v 0 0 0 0 e g 0 0 0 0 u 0 0 x 0 a 1 0 1 0 1 1 0 0 x 1 1 1 0 1 1 0 1 1 0 1 n 1 1 0 v 1 1 p 
0 0 i 1 0 1 1 0 1 1 0 1 h 1 1 0 0 1 1 0 1 n 1 0 0 0 0 s 0 m 0 0 j 0 0 0 0 0 0 0 0 0 t 0 0 0 0 q 0 0 q 0 i 0 r 0 t n p 0 0 0 c 0 v j 0 0 0 w 0 0 d 0 0 0 0 0 0 0 0 0 0 a 0 0 0 0 0 0 0 a 0 0 0 g 0 0 w 0 c 0 0 d 0 0 0 0 0 0 0 q 0 i 0 j 1 1 0 1 0 0 1 1 1 1 0 0 0 1 1 1 1 0 0 0 1 1 0 1 0 0 1 1 r 1 o z j 1 0 1 0 1 0 1 n 1 1 1 1 1 1 0 k 0 1 0 0 0 1 g 1 p 1 0 0 1 0 0 0 1 1 1 0 1 1 0 1 1 0 1 0 1 1 y z 1 1 0 
0 r r 1 0 1 1 v 1 1 0 1 u 1 1 o v 1 1 c 1 0 1 0 1 v 1 0 0 0 1 d 1 0 1 0 0 1 1 1 0 1 1 1 1 w 1 1 1 0 1 1 0 0 1 i 0 x 1 1 1 0 1 0 r 1 0 0 1 0 1 0 0 0 1 1 d 1 y 1 1 0 1 0 1 y 1 1 1 j 1 1 0 1 0 0 1 n 1 1 m 1 1 1 0 1 1 1 1 1 0 0 0 0 w 0 1 1 0 1 u 0 1 1 1 1 0 s c 1 1 1 1 k 0 0 1 1 k 1 0 g 1 1 0 1 0 p 0 1 0 1 0 1 i 1 0 1 1 1 1 1 1 0 v 0 1 0 o 0 1 0 1 0 1 s s 1 l g 0 1 1 1 e 1 1 0 1 1 0 1 0 1 1 0 0 1 1 0 
e 0 0 1 s 1 1 0 1 1 0 1 0 1 1 0 0 1 1 0 1 0 1 0 1 0 1 0 0 x 1 y 1 d 1 0 0 1 1 1 f 1 1 1 1 0 1 1 1 0 1 1 0 0 1 0 0 0 1 1 1 i 1 0 0 1 0 0 j 0 s 0 0 k 0 1 0 1 0 1 1 0 1 s 1 k 1 1 1 v 1 1 0 1 0 0 1 0 1 1 0 1 1 1 0 1 1 1 1 1 0 0 0 o 0 0 1 1 w 1 0 0 1 1 1 1 h w 0 1 g 1 1 0 0 0 1 1 0 1 j 0 1 1 0 1 0 0 0 1 0 1 v 1 b 1 0 1 1 1 1 1 1 0 0 0 1 0 0 0 1 0 1 e 1 e 0 1 0 0 0 1 1 1 0 1 1 h 1 1 0 1 0 1 1 v 1 1 1 d 
w q q 0 b 0 a z 0 0 0 b p 0 y 0 0 0 0 i v 0 p d 0 0 0 x 0 0 0 0 1 g 1 0 u 1 1 1 0 1 1 1 1 0 1 1 0 0 0 p 0 0 0 0 0 b 0 0 o n 0 0 w 0 0 p q l b 0 b 0 0 0 g n t m s 0 0 0 0 0 0 0 0 0 n 0 0 0 q 0 0 0 0 0 u o o 0 a v 0 0 0 0 0 0 h 0 d 0 0 0 0 0 s 0 0 f 0 0 j 0 0 0 0 0 c 0 0 0 k n 0 x r 0 0 t c 0 0 0 0 0 0 o e 0 0 0 i 0 0 0 w j u 0 0 0 0 0 w 0 0 0 0 0 0 0 v 0 0 0 0 0 0 y 0 1 1 0 1 1 0 1 0 1 1 0 1 1 1 0 
z 0 0 1 0 0 0 g 0 0 0 b r 0 0 0 0 0 0 0 0 f 0 a 0 0 w l 0 x 0 0 0 0 e w t 0 l o m h 0 0 i 0 t 0 0 s 0 0 0 0 0 0 0 0 0 0 0 0 d 0 a w 0 0 0 0 r 0 0 m 0 0 0 0 f 0 m 0 b 0 0 0 0 0 0 0 0 0 0 0 0 u 0 c s 0 0 0 0 0 0 m w 0 0 0 0 0 0 0 0 e 0 0 i r 0 h 0 0 0 e 0 0 0 0 0 0 d 0 0 0 0 0 0 0 o 0 t m f 0 r 0 0 0 r 0 0 0 j 0 0 0 0 0 r 1 1 q 0 0 1 0 0 0 1 0 1 0 1 0 0 0 0 n 0 0 0 0 0 f w c l 0 0 0 0 1 1 0 1 1 1 a 
0 0 0 1 h 1 1 0 1 1 0 1 d 0 1 t 0 1 1 0 1 r 1 v 1 z 1 0 y 0 0 o 0 u q 0 0 0 0 0 j 0 0 0 0 0 0 0 0 0 v 0 0 0 0 a e 0 0 0 0 o k 0 0 0 0 k 0 0 0 0 0 0 0 0 0 j a p 0 k 0 x d 0 o 0 0 1 1 1 0 1 0 0 1 y 1 1 b 1 1 1 0 1 1 1 1 1 y 0 0 d 0 0 1 1 0 1 0 x 1 1 1 1 0 0 0 1 0 1 1 l f 0 n 1 0 1 0 0 1 1 l 1 s s g 1 0 1 u 1 0 1 0 1 1 1 1 1 1 0 0 l 1 h 0 s 1 e 1 n 1 n 0 1 0 1 0 1 1 1 0 1 1 0 1 1 y 1 0 1 1 0 1 y s 0 
q 0 0 1 0 1 1 g 1 1 0 1 i s 1 0 0 1 1 0 1 0 1 0 1 0 1 0 0 1 1 0 1 0 1 0 n 1 1 0 0 t 0 0 0 0 u 0 0 y 0 0 0 y f 0 0 0 0 f s g 0 0 m 0 0 0 0 v 0 0 0 0 0 0 0 0 x k 0 0 0 0 0 0 s w 0 0 n 0 y u q 0 0 0 j j 0 d 0 0 0 1 1 1 1 1 h 0 0 0 m 0 1 1 0 1 q 0 1 1 1 1 0 k e 1 0 1 1 0 0 r 0 1 0 1 0 0 1 1 0 1 0 0 p 1 r 1 0 1 0 1 0 1 1 1 j 1 1 0 0 0 1 0 j t 1 0 1 0 1 0 d 1 c 1 0 1 1 1 0 1 1 g 1 1 0 1 0 1 1 0 1 1 1 0 
0 0 0 1 0 1 1 0 1 1 p 1 0 0 1 w b 1 1 w 1 0 1 q 1 0 1 b 0 1 1 0 1 0 1 0 0 1 1 1 0 1 1 1 1 0 1 1 1 0 1 1 0 0 1 l l 0 1 1 1 0 1 0 0 1 0 0 1 p 1 0 i 0 1 1 0 1 0 1 1 q 1 0 1 0 1 1 1 1 1 1 0 1 0 k 1 v 1 1 t 1 1 1 w 1 1 1 1 1 0 0 0 0 r 0 1 1 0 1 c 1 1 1 1 1 c 0 0 1 n 1 1 0 0 v 0 1 j 1 z 0 1 1 0 1 j j w 1 z 1 a 1 0 1 q 1 1 1 0 1 1 i 0 1 1 0 0 0 1 1 1 0 1 d s 1 0 1 0 1 1 1 e 1 1 0 1 1 0 1 x 1 1 0 1 1 1 f 
0 j 0 1 0 1 1 0 1 1 0 1 g y 1 d c 1 1 o 1 x 1 0 1 0 1 0 0 1 1 o 1 0 1 0 d 1 1 1 q 1 1 1 1 0 1 1 1 0 1 1 0 0 1 m b 0 1 1 1 z 1 0 0 1 0 0 1 0 1 0 0 v 1 1 z 1 0 1 1 c 1 g 1 y 1 1 1 1 1 1 0 1 0 0 1 0 1 1 0 1 1 1 0 1 1 1 1 1 0 c p s n 0 1 1 0 1 0 1 1 1 1 1 0 0 0 1 0 1 1 0 0 0 0 1 0 1 w 0 1 1 0 1 q 0 0 1 0 1 n 1 0 1 0 1 1 1 v 1 1 0 n 0 1 i 0 0 1 1 1 u 1 0 0 1 0 1 0 1 1 1 0 1 1 u 1 1 0 1 0 1 1 r 1 1 1 d 
0 0 0 1 0 1 1 0 1 1 0 1 k 0 1 w r 1 1 e 1 0 1 0 1 0 1 x 0 1 1 g 1 0 1 0 0 1 1 1 0 1 1 1 1 0 v 0 0 m 0 0 0 z i 0 0 0 e 0 0 0 0 0 0 f 0 0 0 0 h 0 c g 0 0 h 0 0 0 0 o 0 d 0 x w 0 0 y 0 0 0 0 0 0 0 0 v m t 0 0 y i p 0 0 0 0 0 0 o 0 j 0 0 0 0 0 0 0 l 0 0 0 0 f 0 0 0 0 0 0 w z h v 0 e z 0 0 j v i 0 0 y 0 0 0 0 0 0 0 0 0 0 0 0 0 0 0 0 c l 0 0 0 0 0 0 0 w j 0 0 p z 0 1 1 1 i 1 1 0 0 1 0 1 0 1 1 y 1 1 1 0 
0 l 0 1 0 1 1 e 1 1 0 1 0 f 1 0 t 1 1 0 1 f 1 0 1 0 1 a 0 1 1 0 1 0 1 0 0 1 1 0 w 0 n e 0 s 0 o 0 t 0 m 0 0 c 0 x 0 s 0 0 0 0 0 z 0 0 0 0 0 0 0 0 0 n 0 0 0 h 0 0 0 0 p 0 0 0 0 0 0 c 0 0 0 0 0 t v 0 0 0 0 1 1 g 1 1 1 1 1 a 0 0 0 q 0 0 0 l h o 0 g n 0 z 0 m 0 q n k 0 0 0 0 0 0 b w 0 0 0 0 0 0 0 0 0 0 0 j s 0 u f 0 0 0 0 0 0 0 0 0 0 d 0 0 0 s 0 0 0 d 0 g r x r 0 0 0 0 0 0 w w 0 0 c 0 e j 0 x b t 0 p 
0 0 0 1 u 1 1 0 1 1 0 1 0 0 0 0 0 0 0 0 g 0 0 0 0 0 0 t 0 0 v 0 0 0 0 t 0 0 0 s 0 0 0 0 j 0 f 0 0 0 0 0 0 0 0 q 0 0 0 t b 0 s 0 0 0 0 0 0 0 0 0 0 0 t 0 0 0 0 0 l 0 0 0 g 0 0 0 0 0 n 0 0 h 0 0 0 0 0 0 j 0 0 0 0 0 0 i 0 i 0 u y 0 0 h 0 0 m 0 0 0 0 g 0 m 0 0 0 0 n 0 0 f 0 0 w 0 0 0 u 0 k 0 0 v 0 0 z n e 0 0 0 0 0 0 0 0 r 0 0 0 i 0 0 f 0 0 0 0 u a 0 0 0 w 1 a 1 h 1 1 1 f 1 1 0 z 1 0 1 m 1 1 1 1 1 1 0 
x 0 0 1 0 1 1 0 0 c 0 0 0 0 q 0 t p q 0 0 0 z i 0 0 0 0 0 0 d 0 0 0 0 0 n 0 0 0 0 0 i 0 d l k 0 0 0 v o j e 0 m 0 0 p 0 0 0 1 n 0 1 0 1 1 0 1 0 0 s 1 1 0 1 0 1 1 0 1 0 1 0 1 1 1 1 1 1 z 1 0 w 1 0 1 1 0 1 1 1 0 1 1 1 1 1 0 0 i 0 0 0 1 1 p 1 h 1 1 1 1 1 1 v x 1 0 1 1 0 0 0 0 1 0 1 0 0 1 1 0 1 0 0 0 1 0 1 h 1 0 1 1 1 1 1 0 1 1 w 0 f 1 k h y 1 1 1 0 1 0 0 1 j 1 1 1 1 1 e 1 1 0 0 1 0 1 0 1 1 1 1 1 1 s 
g 0 0 h 0 1 1 u p 1 k 1 0 m 0 0 s 0 0 0 0 0 q 0 0 0 0 0 0 0 0 0 g v 0 0 0 0 u y 0 0 0 0 0 0 a j 0 m 0 0 0 d 0 0 m 0 k w 0 0 0 w 0 0 v 0 0 x 0 0 0 0 0 0 0 0 0 0 e 0 t 0 0 0 0 b 0 0 0 0 0 b v 0 0 d 0 0 0 u 0 0 0 0 0 y 0 0 0 0 0 0 0 0 0 0 0 x 0 0 i k 0 c 0 v w 0 0 0 0 h 0 z s 0 0 0 o 0 0 0 l 0 0 m 0 0 0 0 o i 0 0 r 0 0 0 i 0 0 0 0 0 0 0 0 0 0 0 i 0 d e 0 0 0 0 n 0 n o 0 0 0 z 0 0 o 0 0 1 1 1 1 1 1 0 
0 0 s 1 0 1 1 0 v 1 0 1 0 0 1 0 0 1 1 e 1 0 1 a t 0 0 r x 0 b 0 0 d 0 0 0 0 0 0 0 0 a 0 0 h 0 0 0 0 m j j x 0 0 t 0 o 0 0 0 0 0 0 0 0 0 g 0 i m 0 o 0 x 0 i 0 0 0 p 0 0 0 c 0 0 0 o 0 t b 0 c t 0 0 0 d 0 0 e 0 0 0 0 l 0 0 0 0 g o 0 0 v e 0 h 0 0 k 0 o 0 0 0 p 0 d 0 s 0 0 p 0 0 q 0 j 0 0 0 p 0 0 0 m 0 d 0 0 1 1 1 1 1 1 1 l 1 1 h 0 0 1 0 0 0 1 1 1 x 1 z r 1 p 1 0 1 1 1 w 1 1 0 0 1 0 1 0 1 1 1 1 1 1 w 
0 c 0 1 0 r 0 0 0 0 0 0 0 0 0 0 0 k 0 0 z 0 0 0 0 0 u 0 0 0 0 m 0 0 f m 0 0 0 0 q 0 0 0 0 r 0 0 f g 0 0 i t 0 0 0 0 0 e e 0 v 0 0 0 0 0 y 0 0 0 0 0 0 0 0 q 0 s 1 0 1 0 1 q 1 1 1 1 1 0 0 v 0 0 1 0 1 1 w 1 1 1 0 1 1 1 1 1 0 c v s 0 0 1 1 0 1 0 1 1 1 1 1 1 0 0 1 0 0 1 1 0 0 0 1 0 1 0 0 1 1 0 1 1 0 0 1 0 1 l 1 1 1 1 1 1 1 0 1 1 0 r 0 1 1 w 0 1 1 1 f 1 0 0 p 0 0 0 0 r 0 0 n 0 z 0 1 0 1 0 1 1 1 1 1 1 0 
0 0 0 1 0 1 j 0 0 w 0 h a 0 0 0 0 i 0 v 0 0 0 0 0 0 0 0 r r 0 d a 0 0 0 0 0 g 0 h 0 o 0 0 0 0 u 0 0 e u f 0 o 0 j 0 0 y 0 0 0 0 0 0 g 0 0 0 0 0 0 n 0 m 0 0 0 0 0 0 e 0 0 0 0 0 0 0 0 b 0 n 0 0 0 0 0 1 e 1 1 1 0 1 1 1 1 1 0 o 0 0 c 0 1 1 0 1 z 1 1 1 1 1 1 0 t 1 0 0 1 1 0 0 0 1 0 1 0 0 1 1 0 1 1 0 n 1 0 1 o 1 1 1 1 1 1 1 0 1 1 e 0 0 1 1 b 0 1 1 1 0 1 c 0 1 0 1 0 1 1 1 0 1 1 0 0 1 0 1 0 1 1 1 1 1 1 0 
0 0 0 1 0 1 1 0 g 1 0 1 0 0 1 0 0 1 1 l 1 a 1 n 1 0 1 0 n 1 1 y 0 i o z 0 0 0 0 0 u 0 y k 0 0 u d 0 0 0 0 0 0 0 0 0 0 0 0 f k y 0 f d 0 0 0 0 y 0 0 0 k s 0 0 w 0 0 0 0 0 0 u 0 0 q 0 n 0 0 0 0 0 0 0 0 q 0 0 0 0 0 0 u 0 0 x 0 0 0 0 0 0 0 0 0 0 e 0 p 0 0 k 0 0 0 0 0 q 0 0 i 0 s 0 0 0 0 c 0 v o 0 h 0 0 0 0 f 0 b 0 0 v 0 0 0 0 0 0 0 0 0 d b 0 0 m d k q 0 0 n 0 0 a 0 0 1 z 1 1 b 0 1 0 1 0 1 1 1 1 1 1 u 
0 0 0 1 q 1 1 0 0 1 0 1 n 0 1 0 0 1 1 1 1 0 1 0 1 0 0 0 0 0 0 0 0 0 0 0 0 n 0 q x 0 n 0 b 0 0 0 0 0 0 0 q 0 0 m f 0 0 0 0 0 0 0 0 0 0 m h 0 0 i 0 0 0 k 0 0 v 0 p 0 0 0 0 0 0 0 0 0 0 b 0 x 0 z 0 p 0 0 0 0 0 z 0 0 0 g 0 0 0 v d 0 0 0 s 0 e 0 0 g 0 j x g 0 0 0 0 f 0 a 0 0 0 a 0 f e 0 0 m o 0 k b 0 0 0 q 0 0 0 0 n b c r 0 n 0 0 0 b z 0 y 0 0 0 0 m 0 0 0 0 0 0 1 0 1 1 1 c 1 1 0 0 1 0 1 z 1 1 1 1 1 1 0 
0 0 0 1 n 1 1 0 0 1 0 1 r 0 1 t 0 1 1 1 1 0 1 0 1 u 1 k v 1 1 j 1 0 1 1 0 1 1 1 0 1 i 1 0 q 1 1 1 0 d 0 q 0 1 0 0 0 1 1 1 0 1 1 0 1 1 1 1 1 1 0 d 0 1 1 0 1 0 1 1 0 0 s 1 0 1 1 1 1 1 j 0 0 0 0 1 u 1 1 0 1 1 f 0 1 1 1 1 1 0 0 0 0 0 0 1 1 n 1 0 1 1 1 1 1 1 a 0 1 0 0 1 1 q 0 e 1 0 1 p e 1 1 0 1 1 0 0 1 0 0 n 1 1 1 1 1 1 1 h 1 1 x 0 0 1 1 u 0 1 1 1 0 1 0 0 1 0 1 0 1 1 1 0 1 1 z p 1 1 1 0 1 1 1 1 1 1 0 
0 u 0 1 d 1 1 0 0 1 s 1 r 0 0 w 0 1 1 1 1 0 1 0 1 0 1 0 u 1 1 0 1 0 1 1 0 1 1 1 0 1 f 1 0 0 1 1 1 0 0 0 p s 1 q m p 1 1 1 0 1 1 l 1 1 1 1 1 1 0 0 0 1 1 0 1 0 1 1 0 0 0 1 0 1 1 1 1 1 0 0 f 0 d 1 0 1 1 0 1 1 0 0 1 1 1 1 1 0 u 0 0 0 0 1 1 0 1 o 1 1 1 1 1 1 0 0 1 0 0 1 1 0 0 w 1 0 1 p y 1 1 0 1 1 0 0 1 0 w f 1 1 1 1 1 1 1 n 1 1 0 0 0 1 1 0 0 1 0 0 0 z e 0 0 0 j 0 0 c 0 0 0 0 u u 0 y 0 c v 0 0 f h 1 0 
0 0 0 1 0 1 1 0 0 1 p 1 0 f 0 0 h 1 1 1 1 0 1 0 1 0 d 0 0 0 0 s j 0 0 0 0 v 0 0 z 0 0 0 0 0 0 0 u b 0 0 0 0 h 0 0 0 0 a 0 0 0 v 0 0 0 0 t 0 b 0 0 0 0 e 0 0 0 0 0 v 0 0 0 0 x 0 l 0 0 0 0 e 0 0 0 m 0 0 0 u v 0 0 0 0 0 n 0 0 o l 0 f 0 b m 0 0 0 0 0 w 0 0 s 0 0 b 0 r 0 0 0 0 g 0 0 0 c 0 0 0 0 0 0 0 0 p h a o 0 0 x 0 g y 0 j 0 h 0 0 0 0 r 0 j 0 c 0 o 1 1 0 1 0 1 0 1 1 1 0 1 1 1 0 1 1 1 0 1 1 1 1 1 1 i 
0 b z 1 0 1 1 0 0 1 0 1 b 0 a 0 q 1 1 0 0 0 0 e 0 b d 0 0 0 0 0 0 0 0 f 0 0 p u 0 0 l o 0 l 0 s z c d 0 l 0 0 0 u 0 0 0 0 0 0 0 0 0 0 0 0 0 g s 0 x f 0 0 a y k 0 0 q 0 0 l x q 0 0 0 b 0 u 0 c c 0 g 0 0 0 0 0 0 0 0 0 0 0 0 n 0 1 0 0 1 1 t 1 0 1 1 1 1 1 1 0 0 1 0 0 1 1 s 0 t 1 0 1 0 c 1 1 0 1 1 1 1 1 n 0 m 1 1 1 1 1 1 1 0 1 1 r o 0 1 1 1 0 1 1 1 0 1 1 0 1 j 1 0 1 1 1 l 1 1 1 0 1 1 1 0 1 1 1 1 0 1 0 
1 0 0 1 0 1 1 1 c l 0 h q 1 0 0 0 1 1 1 1 0 1 r 1 0 1 0 p 1 1 j m j 1 1 r 1 1 1 e 1 o 1 0 0 1 1 1 u 1 1 0 0 1 a 0 0 1 1 1 0 1 1 0 1 1 1 1 1 1 0 0 r 1 1 0 1 0 1 1 0 0 0 1 0 1 1 1 1 1 0 v 0 f r 1 r 1 1 0 1 1 0 1 1 1 1 1 1 b 0 0 1 0 x 1 1 0 1 0 1 1 1 1 1 1 0 0 1 0 0 1 1 0 0 0 1 c 1 0 v 1 1 0 1 1 1 1 1 0 d 0 1 1 1 1 1 1 1 x 1 1 0 0 k 1 1 1 0 1 1 1 0 1 1 0 1 0 1 0 1 1 1 p 1 1 1 0 1 1 1 j 1 1 1 1 o 1 a 
1 x e 1 0 1 1 1 0 1 c 1 0 1 0 0 0 1 1 1 1 0 1 m 1 0 1 k 0 1 1 l 0 0 1 1 0 1 1 1 0 1 o 1 1 h 1 1 1 b 1 1 a y 1 0 0 0 1 1 1 0 1 g k 1 1 1 1 1 1 h 0 0 1 1 0 1 0 1 1 0 0 w 1 g 1 1 1 1 1 k 0 0 0 0 1 0 1 1 0 1 1 0 1 1 1 1 1 1 0 0 0 1 w 0 1 1 0 1 e 1 1 1 1 1 1 0 a 1 n b 1 1 h 0 0 1 a 1 0 0 1 1 0 1 1 1 1 1 0 0 0 1 1 1 1 1 1 1 0 1 1 0 t 0 1 1 1 0 1 1 1 z 1 1 n 1 0 1 0 1 1 1 g 1 1 1 e 1 1 1 a 1 1 1 1 b 1 j 
1 0 0 1 m 1 1 1 0 1 v n y 1 0 0 k 1 1 1 1 0 1 0 1 0 1 0 f 1 1 0 e n 1 1 0 1 1 1 0 1 h 1 1 e 1 1 1 n 1 1 0 0 1 0 0 0 1 1 1 w 0 0 0 0 0 0 l 0 m a 0 0 0 q 0 0 0 f 0 0 0 d t m 0 0 0 0 0 0 0 0 o 0 0 0 q 0 0 0 0 s 0 0 0 0 0 0 i 0 0 0 0 m 0 0 0 0 0 n 0 o 0 0 a 0 0 0 p 0 0 0 0 0 0 0 d 0 0 0 0 0 0 0 0 0 0 b 0 t 0 0 0 0 p 1 1 1 0 1 1 0 0 0 1 1 1 o 1 1 1 0 1 1 0 1 0 1 l 1 1 1 l 1 1 1 0 1 1 1 0 1 1 1 1 s 1 x 
1 h v 1 0 1 1 1 1 1 w 0 u 1 d 1 i f 0 0 t 0 1 l 1 o 1 j 0 1 1 0 1 0 1 1 0 1 1 1 v 1 0 1 1 0 1 1 1 0 1 1 0 0 1 1 0 a 1 0 1 0 1 0 0 1 1 1 1 1 1 1 0 0 1 1 0 1 1 1 1 0 0 0 1 1 1 1 1 1 1 e 1 o f 0 1 0 1 1 f 1 k 1 1 1 1 1 1 1 n 1 t 1 0 0 0 s f 0 0 m 0 0 0 0 0 0 0 l 0 0 q 0 y 0 0 v 0 1 c z 1 1 0 1 1 1 1 0 a 0 o 1 1 1 1 1 1 1 0 1 1 y 0 0 1 1 1 0 1 1 1 m 1 1 0 1 y 1 0 1 1 1 0 1 1 1 0 1 1 1 0 1 1 1 1 x 1 r 
1 0 g 1 0 1 1 1 1 1 0 0 l 1 0 1 0 1 1 1 1 0 1 0 1 0 1 k 0 1 1 0 1 k 1 z c 0 k 0 j a s 0 0 0 n 0 0 0 0 0 0 0 0 0 t p 0 w r v j 0 0 0 b 0 0 0 b p 0 q 0 0 a p 0 0 0 t o 0 0 m x y x 0 u o 0 j 0 y x m 0 0 b i 0 0 0 0 0 0 0 0 0 0 0 0 0 0 0 l z e 0 c 0 0 0 n 0 0 0 z 0 0 a u b j 0 g 0 e 0 0 l i 0 m 0 0 0 f 0 0 n l 0 n 0 0 0 0 j 0 0 0 0 q 0 e 0 l 0 0 0 s 0 p 0 0 0 0 o q n r 0 s 0 0 c 0 n 0 0 0 1 1 1 0 0 y 
1 j w 1 n 1 1 0 c t 0 m 0 0 n u 0 q 0 0 0 b k x 0 0 0 0 b 0 0 0 x 0 0 0 0 0 0 0 0 1 d 1 1 0 1 1 1 0 1 1 m 0 1 1 0 0 1 e 1 f 1 0 0 1 0 0 d c h 0 k r 0 0 0 0 a 0 o 0 f 0 0 0 0 0 0 i q k 0 s 0 0 0 0 0 q l w k i 0 0 0 0 g 0 0 0 q 1 w y 1 1 j 1 0 1 1 0 1 1 1 0 0 1 x b 0 1 0 c w 1 z 1 0 0 1 1 0 1 k 1 1 0 g 0 1 1 1 1 1 1 1 1 0 1 1 i 0 0 u 0 1 0 1 1 1 0 1 1 0 1 0 1 h 1 1 1 0 1 1 1 0 1 1 1 0 1 1 1 1 0 0 0 
1 z 0 1 t 1 1 1 1 1 0 0 0 1 u 1 0 1 1 1 1 0 1 0 1 0 1 s 1 1 1 0 1 0 1 1 1 1 1 1 0 1 n 1 1 0 1 1 1 0 1 1 h 0 g 1 0 0 1 0 1 0 1 0 i 1 1 1 1 1 1 1 0 r 1 1 1 1 1 1 1 w u 0 a 0 0 0 0 0 0 o 0 o h 0 0 u 0 0 g j h 0 0 t t j k 0 0 x 0 0 0 f o 0 l c p y 0 0 c u p 0 0 0 0 c 0 0 0 i 0 0 0 0 0 o 0 1 0 1 0 1 1 p l d 1 1 1 1 1 1 1 1 0 1 1 z x q 1 0 1 x 1 1 1 0 1 1 t 1 0 1 0 1 1 1 0 1 1 1 0 1 1 1 0 1 1 1 1 z 0 0 
0 q 0 0 0 o 0 v 0 0 0 0 j q 0 0 0 0 b 0 0 0 v n 0 f 0 0 z 0 0 0 0 0 0 0 0 l 0 0 0 0 0 0 p 0 h q 0 0 0 0 0 0 0 0 0 c 0 d 0 0 x 0 a d v 0 h o l 0 0 b i 0 0 0 w 0 0 h 0 0 0 0 0 0 0 0 r 0 0 h 0 0 0 0 0 h 0 0 a w e s 0 0 0 0 a n 0 0 0 0 0 0 r 0 0 0 0 0 0 0 0 0 0 y 0 0 0 0 p 0 x g u 0 0 0 0 0 0 0 0 e v 0 0 m 0 0 h 0 y 0 0 1 0 1 1 1 0 0 1 c 1 0 1 1 1 0 1 1 0 1 b 1 0 1 1 1 1 1 1 1 0 1 1 1 0 1 1 1 1 0 0 0 
1 0 1 1 0 1 1 1 1 1 m d 0 1 0 1 0 1 1 1 1 i 1 h 1 0 1 0 1 1 1 0 1 0 1 1 1 1 1 1 r 0 0 i 0 0 0 0 g 0 0 0 0 0 0 0 0 0 0 0 0 0 1 g 0 1 1 1 1 1 1 1 0 0 1 1 1 1 1 1 1 q u 1 1 1 1 1 1 1 1 1 1 0 0 1 1 0 1 1 1 1 r 1 1 w 1 1 1 1 z 1 0 1 0 0 1 1 0 1 0 1 1 0 1 1 1 u 0 1 0 h 0 1 0 a 0 1 0 1 0 0 1 1 0 1 v 1 1 0 0 0 1 1 1 1 1 1 1 1 0 1 1 1 0 h 1 a 1 0 1 1 1 0 1 1 h 1 0 1 d 1 1 1 1 1 1 1 u 1 1 1 0 1 1 1 1 0 0 0 
1 0 1 1 0 1 1 1 1 1 0 0 0 1 0 1 0 1 0 0 0 0 0 0 u 0 a 0 d 0 c 0 o o l 0 0 0 n f 0 m 0 0 i o 0 1 1 1 1 1 w 0 m 0 0 0 1 0 1 j 1 h 0 1 1 1 1 1 1 1 n 0 1 1 1 1 1 1 1 0 v 1 1 1 1 1 1 1 1 1 1 d 0 1 1 0 1 1 1 1 0 1 1 0 1 1 1 1 t 1 0 1 0 f 1 1 0 1 0 1 1 b 1 1 1 0 0 1 0 0 0 1 0 0 0 1 0 1 0 0 1 1 0 1 u 1 1 0 0 h 1 1 1 1 1 1 1 1 0 1 1 1 0 0 1 0 1 0 w 0 0 0 0 0 0 0 0 0 n h 0 v q 0 t i s 1 1 1 0 1 1 1 1 0 p 0 
1 0 1 1 p 1 1 1 1 1 u 0 0 1 0 1 0 1 1 1 1 0 1 0 1 0 1 g 1 1 1 1 1 k 0 0 0 0 0 0 0 0 0 t d l 0 v 0 0 0 0 0 0 0 0 0 0 1 0 y 0 0 0 0 0 0 n 0 0 h j 0 0 0 e 0 0 0 a 0 g 0 0 0 0 0 a 0 0 d 0 0 0 0 0 o 0 r 0 1 o 0 1 1 0 1 1 i 0 0 u g 0 c w z e z 1 0 1 1 0 1 1 1 a 0 1 0 0 0 1 t j 0 1 0 1 z 0 1 1 0 1 0 1 1 0 0 r 1 1 1 1 1 1 1 1 0 1 1 1 0 0 1 0 1 0 1 1 1 0 1 1 0 1 0 1 0 1 1 0 g 0 0 0 0 n 0 x 0 1 1 1 1 s 0 0 
1 0 1 1 0 1 1 1 1 1 u 0 0 1 0 1 0 1 1 1 1 0 1 0 1 s 1 0 1 1 1 1 1 0 1 1 1 1 1 1 a 1 0 1 1 d 0 1 1 1 1 1 m z u 0 0 t 1 0 1 0 1 l o 1 1 1 1 1 1 1 0 0 1 1 1 1 1 1 1 i w 1 1 1 1 1 1 1 1 1 1 0 0 1 1 0 1 1 1 0 0 1 1 o 1 1 1 1 0 1 0 1 x w 1 1 0 1 0 1 1 0 1 1 1 0 0 1 0 0 0 1 0 0 t h d q q c 0 1 i 1 1 1 1 0 f s q 1 1 1 1 1 1 1 f 1 1 1 i 1 1 e 1 0 1 1 1 c 1 1 i 1 0 1 0 1 1 1 1 1 1 1 0 1 1 1 0 1 1 1 1 0 x d 
1 d 1 1 n 1 1 1 1 1 0 0 0 e 0 0 0 s 0 s v 0 m m p 0 0 0 q 0 0 0 0 0 t 0 n s 0 0 0 0 v v 0 0 0 i 0 0 d a 0 0 0 0 0 0 a y w 0 0 0 0 0 w 0 0 0 0 0 0 0 0 v l 0 0 0 0 0 0 0 d p 0 0 c 0 m 0 0 0 0 e 0 t t 0 0 0 0 0 0 0 0 0 0 0 0 k 0 0 0 t k 0 0 d f 0 0 0 0 0 m 0 g b 0 e 0 0 0 m 0 0 0 0 y 0 0 o 0 0 n 0 0 0 u t 0 1 1 1 1 1 1 1 0 1 1 1 0 1 1 b 1 z 1 1 1 0 1 1 0 1 0 1 u 1 1 1 1 1 1 1 0 1 1 1 0 1 1 1 1 0 0 0 
1 0 1 1 0 1 1 1 1 1 0 d 0 1 1 1 q 1 1 1 1 0 1 o 1 0 1 0 1 1 1 0 1 0 1 1 1 1 1 1 0 1 0 1 1 0 h 1 1 1 1 1 0 0 h k p 1 1 0 1 0 1 d 1 1 1 1 1 1 1 1 0 o 1 1 1 1 1 1 1 b 0 1 1 1 1 1 1 1 1 1 1 d 0 1 1 0 1 1 1 w 0 1 1 0 1 1 1 1 0 1 x 1 x q 1 1 1 1 0 1 1 y 1 1 1 l 0 1 0 y f 0 0 y c 1 c 1 z 0 1 1 x 1 1 1 1 0 0 0 i 1 1 1 1 1 1 1 0 1 1 1 1 1 1 0 1 0 1 1 1 0 1 1 0 1 0 1 0 1 1 1 1 1 1 1 0 1 1 1 0 1 1 1 1 0 0 0 
1 0 1 1 0 1 1 1 1 1 0 0 0 1 1 1 e 1 1 1 1 0 1 0 1 z 1 1 1 1 1 0 1 0 1 1 1 1 0 0 0 0 0 0 0 0 0 e 0 0 0 r y k 0 0 d 0 0 0 0 p 0 0 0 0 0 l 0 0 0 0 0 0 t 0 0 0 0 e m 0 0 k 0 0 0 0 0 0 0 0 0 0 b m g 0 y 0 0 f 0 0 0 0 0 0 0 0 0 0 c 0 a p e 0 0 s b 0 r 0 g t r 0 0 m n v o d n o j 0 0 k t 0 1 1 0 1 1 1 1 h 0 e 0 k j 1 1 1 1 1 z 1 1 1 1 1 1 0 1 0 1 1 1 0 1 1 0 1 0 1 0 1 1 1 1 1 1 1 y 1 1 1 g 1 1 1 1 0 0 0 
1 0 1 1 e 1 1 0 m d 0 m 0 1 1 1 w 1 1 1 1 0 1 0 1 x 1 1 1 1 1 a 1 0 1 1 1 1 1 1 0 1 0 1 1 0 b 1 1 1 1 1 m 1 1 w 0 1 1 z 1 1 1 0 1 1 1 1 1 1 1 1 0 0 1 1 1 1 1 1 1 y 0 1 1 1 1 1 1 1 1 1 1 0 0 1 1 0 1 1 1 0 0 1 1 0 1 1 1 1 0 1 m 1 0 0 1 1 1 1 c 1 1 0 1 1 1 0 n 1 0 0 1 0 l 1 a 0 0 0 m i o 0 0 d 0 0 o 0 k 0 0 l 1 0 0 0 0 0 0 u 0 0 0 0 0 0 0 0 0 0 o 0 0 0 0 0 0 a 0 0 0 0 1 1 1 1 1 1 1 1 0 1 1 1 1 1 h 1 
0 0 0 0 0 0 0 0 0 0 t 0 w v 0 0 0 0 0 l y 0 0 0 0 0 0 0 f 0 0 m m 0 0 p 0 s 0 0 0 0 1 0 l 0 0 0 0 c 0 0 0 0 g u v 0 0 0 0 0 r 0 s x c 0 0 0 d 0 0 m y 0 e 0 0 0 0 0 0 0 q n 0 0 0 0 0 0 0 0 e 0 0 k 0 r i n 0 0 0 0 0 j 0 0 0 s 0 0 0 0 o 0 h 0 z 0 b i w y 0 0 0 0 0 h g 0 0 0 0 0 0 0 0 0 i f 0 0 0 0 m 0 0 0 0 h 0 0 e 0 0 y 0 0 0 0 x 0 0 a 0 0 0 u 0 0 0 0 0 0 0 0 0 u 0 0 r 0 0 0 0 0 0 0 0 0 0 0 0 v 0 1 
1 1 1 1 j 1 1 1 1 1 m 0 0 1 1 1 0 k 0 0 j c 1 0 1 0 1 1 1 1 1 0 1 1 1 1 1 p 0 0 0 e 0 0 0 a g 0 0 0 0 0 v 0 f p 0 0 0 m 0 h 0 0 0 m y 0 0 0 0 0 0 0 b 0 0 0 0 0 0 0 a i 0 0 p f q r 0 t 0 f 0 a 0 s 0 0 0 u 0 0 0 a g 0 0 0 0 0 0 0 0 0 e j 0 0 0 0 0 w 0 0 x 0 0 r 0 0 0 s 0 0 0 0 0 0 0 0 0 n 0 0 e 0 0 0 0 z o 0 p y 0 c 0 z 0 o 0 0 0 0 0 0 1 1 1 1 1 1 1 1 0 1 r 1 0 1 1 1 1 1 1 1 1 1 1 1 0 1 1 1 1 1 0 1 
1 1 1 1 i 1 1 1 1 1 0 p 0 1 1 1 b 1 1 1 1 0 1 0 1 g 1 1 1 1 1 0 1 1 1 1 1 1 1 1 1 1 1 1 1 0 z 1 1 1 1 1 1 1 1 0 1 0 0 0 0 e 0 0 c 0 0 0 0 0 0 0 0 0 0 0 0 0 0 0 0 a 0 0 0 0 1 1 1 1 1 1 1 0 1 1 0 l 0 0 w 0 0 0 0 0 w 0 0 u 0 0 0 n e t 0 0 0 0 0 0 0 k 0 y 0 y 0 0 i 0 a 0 0 n a 0 k 0 0 0 0 0 0 0 e 0 a i 0 0 u i 0 0 0 0 0 0 0 0 r d 0 0 i 0 0 1 1 1 1 1 1 1 0 1 0 c i 0 0 0 0 0 v 0 a 0 w 0 0 m 0 0 0 0 e 0 
1 1 1 1 0 1 1 1 1 1 1 0 r 1 1 1 h 1 1 1 0 0 1 0 1 0 1 1 0 0 0 o d 0 a 0 0 u d p k 0 0 r r 0 y 0 0 0 0 e 0 0 e 0 e 0 a 0 0 0 a 0 0 0 b 0 0 0 0 0 0 0 0 0 0 0 k 0 g 0 0 1 1 1 1 1 1 1 1 1 1 0 1 1 1 1 1 1 1 0 1 1 1 o 1 1 1 1 r 1 1 1 0 0 1 1 1 1 0 1 1 h 1 1 1 0 0 0 0 0 0 z 0 0 0 t v 0 l u 0 0 0 w 0 0 0 0 0 0 0 a d 1 1 1 1 1 1 1 1 1 1 1 1 r 1 1 1 1 1 1 1 1 0 1 0 1 1 1 1 1 0 1 1 1 1 1 1 1 m 1 1 1 1 1 0 1 
1 1 1 1 0 1 1 1 1 1 1 1 0 1 1 1 0 1 1 1 d 0 1 x 1 0 1 1 1 1 1 1 1 1 1 1 1 1 1 1 1 1 1 1 1 0 0 1 p p 0 f 0 0 0 0 0 e x 0 q 0 0 0 k k 0 y 0 0 0 j 0 0 0 0 0 0 0 r 0 0 0 0 0 0 a b c 0 0 0 0 0 0 0 0 0 0 0 0 0 0 l 0 0 0 0 0 0 0 0 0 0 0 0 0 0 0 0 b i 0 0 0 h 0 f 0 0 0 0 0 0 c v n u u 0 t s v 0 0 g g o 0 0 0 y j 0 0 0 0 0 0 f 0 0 0 w 0 t m x 0 0 0 0 1 1 1 1 j 1 0 1 1 1 1 1 0 1 1 1 1 1 1 1 0 1 1 1 1 1 w 1 
1 1 1 1 r 1 1 1 1 1 1 1 0 1 1 1 0 1 1 1 0 1 1 z 1 y 1 1 1 1 1 1 1 1 1 1 1 1 1 1 1 1 1 1 1 0 0 1 1 1 1 1 1 1 0 0 0 0 0 0 h p u i 0 b e y 0 0 0 0 t 0 0 0 0 q 0 0 0 0 0 0 0 0 0 0 0 0 0 l 0 r l 0 i 0 0 0 0 m 0 m t 0 0 0 q e g d 0 0 0 0 0 0 i 0 0 t 0 n 0 0 g 0 b 0 0 t d n 0 0 0 z 0 0 k f 0 0 y 0 z m 0 b 1 1 0 1 1 1 1 1 1 1 u 1 1 1 1 1 1 0 1 1 1 1 1 1 1 1 0 1 0 1 1 1 1 1 f 1 1 1 1 1 1 1 0 1 1 1 1 1 0 1 
1 1 1 1 0 1 1 1 1 1 1 1 0 1 1 1 0 1 1 1 1 1 1 1 1 0 1 1 1 1 1 1 1 1 1 1 1 1 1 1 1 1 1 1 1 0 0 1 1 1 1 1 1 1 1 0 f 1 1 1 0 l 0 0 0 r 0 c 0 n d 0 c 0 o o l o f i 0 0 o 0 a 0 i 0 0 1 1 1 1 1 1 1 1 1 1 1 1 0 1 1 1 1 1 1 1 1 k 1 1 1 0 1 1 1 1 1 0 1 1 1 1 1 1 0 1 1 0 0 1 1 0 1 1 1 0 1 a x 1 1 1 0 y p 0 0 1 0 l 1 1 1 1 1 1 1 0 1 1 1 1 1 1 0 1 1 1 1 1 1 1 1 m 1 0 b 0 q 0 1 0 1 1 1 1 1 1 1 h 1 1 1 1 1 g 1 
1 1 1 1 1 1 1 1 1 1 1 1 z 1 1 1 w 1 1 1 1 1 0 0 w 0 0 0 v m 0 e 0 0 d x 0 0 0 0 v x 0 m 0 0 0 0 0 0 k 0 h 0 z x 0 c n q 0 0 0 0 0 0 0 h 0 o 0 q 0 j 0 0 f 0 0 0 x 0 j 0 z 0 w t i g 0 c 0 0 0 g 0 0 c 0 v 0 0 0 0 0 0 0 s 0 n 0 0 e l a 0 t 0 0 0 0 0 0 0 0 0 0 0 t 0 0 0 0 0 0 0 0 b 0 0 q 0 j 0 0 0 0 m 0 0 v 0 0 0 0 0 0 1 1 0 1 1 1 1 1 1 v 1 1 1 1 1 1 1 1 1 1 1 1 1 1 1 1 0 1 1 1 1 1 1 1 b 1 1 1 1 1 0 1 
1 1 1 0 g m c c 0 0 p w 0 0 0 l 0 i f c i 0 0 0 0 0 0 0 n 0 0 0 0 0 0 0 0 0 0 0 0 q 0 q 0 0 0 0 0 m 0 m 0 0 0 0 0 x 0 j 1 1 1 0 1 1 1 1 1 1 1 1 1 1 1 1 i 1 1 1 1 1 1 1 1 1 1 1 1 1 1 1 1 1 1 1 1 1 1 1 1 0 1 1 1 1 1 1 1 1 0 1 1 1 1 1 1 1 1 1 v 1 1 1 1 1 1 1 1 1 0 0 1 0 0 0 0 0 0 0 0 0 0 0 0 0 0 p 0 f c s e 0 0 0 0 q o 0 0 0 0 0 0 0 0 b i d y 0 0 0 0 0 0 0 0 a 0 0 0 s 1 1 1 1 1 1 1 1 0 1 1 1 1 1 0 1 
1 1 1 1 1 1 1 1 1 1 1 1 d 1 1 1 1 1 1 1 1 1 1 1 0 k y f 0 0 0 0 v 0 0 0 0 0 0 0 0 0 0 o z 0 0 0 0 0 0 0 d o 0 0 0 0 0 0 0 t 0 0 0 0 0 1 1 1 1 1 1 1 1 1 1 1 1 1 1 1 1 1 1 1 1 1 1 1 1 1 1 1 1 1 1 1 1 1 1 0 1 1 1 1 1 1 1 1 1 1 1 1 1 1 1 1 1 1 d 1 1 1 1 1 1 1 1 1 f 1 1 1 1 1 1 1 0 1 0 0 1 1 1 1 1 1 1 0 1 o 1 1 1 1 1 1 1 1 a 1 1 1 1 1 1 0 1 1 1 1 1 1 1 1 1 1 1 1 1 1 1 1 1 1 1 1 1 1 1 1 0 1 1 1 1 1 0 1 
1 1 1 1 1 1 1 1 1 1 1 1 1 1 1 1 1 1 1 1 1 1 1 1 1 1 1 1 1 1 1 1 1 1 1 1 1 1 1 1 1 1 1 1 1 1 1 1 1 1 1 1 1 1 1 1 1 1 1 1 1 1 g 1 1 1 1 1 1 1 1 1 1 1 1 1 1 1 1 1 1 1 1 1 1 1 1 1 1 1 1 1 1 1 1 1 1 1 1 1 1 s 1 1 1 1 1 1 1 1 1 1 1 1 1 1 1 1 1 1 0 1 1 1 1 1 1 1 1 1 0 1 1 1 1 1 1 1 0 1 k x 1 1 1 1 1 1 1 1 1 0 1 1 1 1 1 1 1 1 y 1 1 1 1 1 1 0 1 1 1 1 1 1 1 1 1 1 1 1 1 1 1 1 1 1 1 1 1 1 1 1 0 1 1 1 1 1 1 1 
1 1 1 1 1 1 1 1 1 1 1 1 1 1 1 1 1 1 1 1 1 1 1 1 1 1 1 1 1 1 1 1 1 1 1 1 1 1 1 z 0 0 0 0 a 0 0 0 g 0 0 b 0 0 0 0 0 0 0 0 0 0 a h 0 0 0 0 0 0 0 0 0 0 0 0 c c 0 0 0 m 0 0 0 j n u v 0 q 0 0 0 k 0 0 0 0 b 0 0 0 r y 0 0 0 0 0 q 0 0 0 y c 0 0 0 0 0 0 0 0 0 p s 0 0 k 0 0 c d 0 0 0 0 0 0 0 0 0 0 s 0 r 0 b 0 o 0 z 0 0 0 0 0 0 k 0 0 k x a 0 1 1 1 1 1 1 1 1 1 1 1 1 1 1 1 1 1 1 1 1 1 1 1 1 1 1 0 1 1 1 1 1 1 1 
iloverucandschoolofinfomation
