100 100
1 1 1 1 1 1 1 r 1 1 1 1 0 1 1 1 1 1 1 1 1 1 1 1 1 1 1 1 1 1 1 1 1 1 1 1 1 1 1 1 1 1 1 1 1 1 1 1 1 1 1 1 1 1 1 1 1 1 1 1 1 1 1 1 1 1 1 1 1 1 1 1 1 1 1 1 1 1 1 1 1 1 1 1 1 1 1 1 1 1 1 1 1 1 1 1 1 1 1 1 
1 1 1 1 1 1 1 0 u 0 0 0 0 0 0 z v 0 0 v j 0 0 r 0 0 v 0 0 l 0 0 0 0 o 0 0 0 0 g i b 0 0 0 0 0 1 1 1 1 1 0 1 1 1 1 0 0 0 s 0 0 y k 0 0 0 0 b 0 0 j b 0 k 0 z 0 0 h 0 s 0 n 0 0 t y c 0 m 0 1 1 1 1 1 1 1 
1 1 1 1 1 1 1 g 1 1 1 1 0 1 1 1 1 1 1 1 1 1 1 1 1 1 1 0 1 1 1 1 1 1 0 0 a 0 0 p 0 z 0 0 0 l 0 p 0 0 0 d 0 0 0 0 0 m 0 b 0 1 1 1 1 1 1 1 1 1 1 1 0 0 s 0 0 0 0 0 0 0 0 0 o 0 h 0 0 y c 0 0 1 1 1 1 1 1 1 
1 1 1 1 1 1 1 1 1 1 1 1 0 1 1 1 1 1 1 1 1 1 1 1 1 1 1 0 1 1 1 1 1 1 g 1 1 1 1 1 1 1 1 1 1 1 0 1 v 1 1 1 u 1 0 1 1 1 1 1 1 1 1 1 1 1 1 1 1 1 1 1 l 1 1 1 1 1 1 1 1 1 1 1 1 1 1 1 1 1 1 1 1 1 1 1 1 1 q 1 
1 1 1 1 1 1 1 1 1 1 1 1 e 1 1 1 1 1 1 1 1 1 1 1 1 1 1 0 1 1 1 1 0 w 0 0 d y 0 r p 0 0 l 0 0 0 0 k 0 0 0 0 1 0 1 1 1 1 1 1 1 1 1 1 1 1 1 1 1 1 1 q 1 1 1 1 1 1 1 1 1 1 1 1 1 0 1 1 1 1 f 1 1 1 1 1 1 0 1 
1 1 1 1 1 1 1 1 1 1 1 1 0 1 1 1 1 1 1 1 1 1 1 1 1 1 1 0 1 1 1 1 1 1 0 1 1 1 1 1 1 1 1 1 1 1 e 0 0 1 1 1 k m a n 1 1 1 1 1 1 1 1 1 1 1 1 1 1 1 1 1 1 1 1 1 1 1 1 1 1 1 1 1 1 a 1 1 1 m 0 1 1 1 1 1 1 c 1 
1 1 1 1 l t 1 1 1 1 1 1 0 1 1 0 1 1 1 1 1 1 1 1 1 1 1 0 1 1 1 e 0 0 0 g 0 g 0 n e 1 1 1 1 1 v 0 g 1 1 1 0 q 0 i 0 0 0 0 0 0 w p 0 y m 0 0 q 0 w 0 0 0 0 0 m 0 1 1 1 1 1 1 v d 1 1 1 1 0 1 1 1 1 1 1 0 1 
1 1 1 1 1 1 1 1 1 1 1 1 0 1 1 0 1 1 1 1 1 1 1 1 1 1 1 0 1 1 1 1 1 1 n 1 1 1 1 0 1 1 1 1 1 1 x q 0 1 1 1 l 1 x 1 1 1 1 1 1 1 1 1 1 1 1 1 1 1 1 1 1 1 1 1 1 1 1 1 1 1 1 1 1 1 0 1 1 1 1 0 1 1 1 1 1 1 0 1 
1 1 1 1 1 1 1 1 1 1 1 1 0 1 1 x 1 1 1 1 1 1 1 1 1 1 1 w 1 1 1 1 1 1 0 1 1 1 1 q 1 1 1 1 1 1 0 0 0 1 1 1 d 1 0 1 1 1 1 1 1 1 1 1 1 1 1 1 0 1 1 1 1 1 1 1 1 1 1 1 1 1 1 1 1 1 0 1 1 1 1 0 1 1 1 1 1 1 0 1 
1 1 1 1 1 1 1 1 1 1 1 1 x 1 1 s 1 1 1 1 0 1 1 1 1 1 1 z 1 1 1 1 1 1 0 1 1 1 1 0 1 m 1 1 1 1 0 0 0 1 1 1 0 0 0 0 0 n r 0 0 0 q 0 0 0 q 0 0 1 1 1 1 1 1 1 1 1 1 1 1 1 0 1 1 1 0 1 1 1 1 0 1 1 0 x 0 0 h n 
1 1 1 1 1 1 1 1 1 1 1 1 0 1 1 0 1 1 1 1 d 1 1 1 1 1 1 j 1 1 1 1 1 1 b 1 1 1 1 0 1 0 1 1 1 1 0 0 i 1 1 1 0 0 t 0 g 0 u 0 0 0 f k 0 0 0 0 v 0 l 0 j 0 0 z c 0 0 0 0 0 0 y 0 0 0 0 t x 0 0 0 0 0 0 1 1 t 1 
1 1 1 1 1 1 1 1 1 1 1 1 0 1 1 0 1 1 1 1 k 1 1 0 0 f 0 e b 0 0 f 0 0 0 0 0 0 o c 0 0 h 0 0 q i k 0 0 0 c o 0 0 n 0 0 0 0 0 0 0 0 0 0 0 0 f 0 0 c 0 0 0 1 1 1 1 1 1 1 0 1 1 1 o 1 1 1 1 o 1 1 1 1 1 1 0 1 
1 1 1 1 1 1 1 1 1 1 1 1 0 1 1 1 1 1 1 1 i 1 1 1 1 1 1 h 1 1 1 1 1 1 0 1 1 1 1 j 1 o 1 1 1 1 w o 0 1 1 1 u 1 z 1 1 1 1 1 0 1 1 1 1 1 1 1 0 1 1 1 1 0 z 0 0 0 0 0 0 0 i 0 0 0 s 0 r 0 g 0 1 1 1 0 q 0 e c 
1 1 1 1 1 1 1 1 1 1 1 1 0 1 1 1 1 1 1 1 1 1 1 1 1 1 1 y u 0 c n 0 0 0 0 i c 0 k 0 n 0 m y f 0 0 0 0 0 z n 0 0 p 0 0 0 r x 0 0 0 q j 0 0 0 0 n 0 0 f 0 0 0 0 0 0 0 0 0 0 0 1 a 1 0 0 0 0 0 a d b k 0 u 1 
1 1 1 1 1 1 1 1 1 1 1 1 0 1 1 1 1 1 1 1 1 1 1 0 0 1 1 0 1 1 1 1 1 1 z 1 1 1 1 1 1 0 1 1 1 1 0 y 0 1 1 1 0 1 0 1 1 1 1 1 0 1 1 1 1 1 1 1 0 1 1 1 1 1 1 1 1 1 1 1 1 1 0 1 0 1 0 1 0 1 1 j 1 1 1 1 1 1 g 1 
1 1 1 1 1 1 1 1 1 1 o 0 0 r 0 s 0 0 0 0 0 0 0 0 0 c 0 0 0 0 0 k 0 0 w 0 0 0 0 k 0 b x k r 0 0 0 o 0 0 t 0 0 x 0 v 0 w 0 0 o 0 1 1 1 1 1 f 1 1 s 1 1 1 1 1 1 1 1 1 1 y 1 h 1 0 1 l 1 1 0 1 1 1 1 1 1 0 1 
1 1 1 1 1 1 1 1 1 1 1 1 0 1 1 0 1 1 1 1 1 1 1 0 a 1 1 0 1 1 1 1 1 1 0 1 1 1 1 1 1 0 1 1 1 1 0 0 a 1 1 1 0 1 0 1 1 1 1 1 j 1 1 1 1 1 1 1 0 1 1 0 1 1 1 1 1 1 1 1 1 1 0 1 0 1 0 0 0 1 1 q 1 1 1 1 1 1 0 1 
1 1 1 1 1 1 1 1 1 1 1 1 i 1 1 0 1 1 1 1 1 1 1 k 0 1 v 0 1 1 1 1 1 1 0 1 1 1 1 1 1 0 1 t 0 q 0 0 b y u 0 g 0 0 k j 0 0 0 0 h 0 d u 0 u 0 0 0 0 0 0 0 i 0 0 0 0 b 0 v 0 0 n 0 0 0 0 o g 0 0 1 1 1 1 1 0 1 
1 1 1 1 1 1 1 1 1 1 0 0 i l p 0 0 0 m 0 d v f 0 f 0 0 0 0 0 0 0 0 0 0 x 0 b 0 0 0 0 0 0 0 t j 0 0 0 o u 0 0 0 0 0 0 0 0 0 0 0 0 0 0 r 0 0 b w 0 x 0 0 i 0 n 0 0 0 0 f 1 0 1 0 s v 1 1 0 1 1 1 1 1 1 0 1 
1 1 1 1 1 f 1 1 1 1 1 1 0 1 1 r 1 1 1 1 1 1 1 0 u 1 u 0 1 1 1 1 1 1 0 1 1 1 1 1 1 j 1 1 1 1 c 0 0 1 1 1 0 1 0 1 1 1 1 1 0 1 1 1 0 0 1 1 0 1 1 u 1 1 1 1 1 1 1 1 1 1 0 1 m 1 y 0 1 1 1 0 1 1 1 1 1 1 p 1 
1 1 1 1 1 0 1 1 0 1 1 1 e 1 1 0 1 1 1 1 1 1 1 0 0 1 t 0 1 1 1 1 1 1 1 1 1 1 1 1 1 0 1 0 z u 0 i 0 0 0 0 p q f 0 0 0 t z 0 0 1 1 w u 1 1 0 1 1 0 1 1 1 1 1 1 1 1 1 1 0 1 k 1 0 q 1 1 1 n 1 1 1 1 1 1 o 1 
1 1 1 1 1 0 1 1 0 1 1 1 0 1 1 q 1 1 1 1 1 1 1 0 u 1 0 0 1 1 1 1 1 1 1 1 1 1 1 1 1 f j 1 1 1 f 0 0 1 1 1 0 0 g 1 1 1 1 1 0 1 1 1 j 0 1 1 q 1 1 0 1 1 1 1 1 1 1 1 1 1 k 1 y 1 0 r 1 1 1 0 1 1 0 1 1 1 0 1 
1 1 1 1 1 0 1 1 0 1 1 1 p 1 1 0 1 1 1 1 1 1 1 0 0 1 0 0 1 1 1 1 1 p r 0 0 0 0 0 0 l n w r 0 0 0 0 0 b d 0 0 t 1 1 1 1 1 0 1 1 1 0 0 1 1 0 1 1 i 1 1 1 1 1 1 1 1 1 1 z 1 g 1 1 0 1 1 1 0 1 1 0 1 1 1 0 1 
1 1 1 1 1 0 1 1 0 1 1 1 0 1 1 h 0 1 1 1 1 1 1 c 1 1 0 0 1 1 1 1 1 1 1 1 1 1 1 1 1 0 0 1 1 1 q 0 0 1 1 0 0 0 0 i j 0 0 k 0 0 0 0 u 0 k 0 e 0 z 0 0 0 p 0 0 0 0 y 0 0 1 1 0 1 1 0 1 1 1 0 1 1 0 1 1 0 q 1 
1 1 1 1 1 0 1 1 t 1 1 1 0 h 0 0 v t 0 0 0 0 0 y n 0 0 0 0 0 n s 0 0 x 0 0 b 0 0 0 0 0 r 0 m p 0 0 0 0 0 b i l 0 0 0 0 0 0 0 n 0 0 e i j 0 0 0 0 0 0 i 0 0 o s x 0 z j 0 s 0 1 0 1 1 1 p 1 1 0 1 1 0 c 1 
1 1 1 1 1 p 0 l 0 0 0 z 0 0 0 c f s s g u 0 d 0 0 n 0 0 k 0 0 0 0 0 0 t 0 0 0 0 p e s 0 n c 0 0 0 1 1 t 0 0 t 1 1 1 1 1 d 1 1 1 0 0 1 1 b 1 1 k 1 1 1 1 1 1 1 1 1 1 1 1 w 1 1 e 1 1 1 x 1 1 l 1 1 0 0 1 
1 1 1 1 1 a 1 0 0 0 n w 0 o j o 0 0 0 0 0 j 0 n n m k m w 0 f 0 y f 0 0 0 p 0 c e 0 0 0 r 0 0 0 0 1 1 0 0 k m m 0 0 0 m 0 e 0 0 0 0 1 1 0 g t 0 1 1 1 1 1 1 1 1 0 1 1 1 0 1 1 0 1 1 1 0 1 1 0 1 1 y d 1 
1 1 1 1 1 0 1 0 0 0 h 0 0 g 0 0 0 0 0 0 v 0 u 0 0 n o 0 0 0 0 0 0 0 0 0 0 t v m u 0 o 0 0 0 0 0 u 0 0 0 0 x 0 u r 0 0 1 0 0 1 1 0 0 1 1 s 1 1 0 1 1 1 1 0 1 1 1 0 1 1 1 0 1 1 0 1 1 1 e 1 1 a 1 1 0 y 1 
1 1 1 1 1 o 1 0 b 1 e 1 0 1 1 1 0 1 1 1 1 1 1 1 1 1 i 0 1 1 1 1 1 1 1 1 1 1 d 1 1 1 1 1 1 1 t 0 0 1 1 0 t 0 c 1 1 1 1 1 0 0 1 1 z i 1 1 0 1 1 e 1 1 1 1 0 1 1 1 0 1 1 1 0 1 1 0 1 1 1 a 1 1 0 1 1 0 0 1 
1 1 1 1 1 j 1 0 0 1 1 1 0 1 1 1 0 1 1 1 1 0 1 1 1 1 0 0 1 1 1 1 0 1 1 1 1 1 0 1 1 1 1 1 1 1 0 0 1 1 1 0 0 z 0 1 1 1 1 1 0 0 1 1 j s 1 1 1 1 1 0 1 1 1 1 0 1 1 1 0 1 1 1 0 1 1 r 1 1 1 0 1 1 0 1 1 0 s 1 
1 1 1 1 1 0 1 n 0 1 1 1 0 j 0 0 0 0 0 t x 0 1 1 1 1 0 t 1 1 1 1 0 1 1 1 1 1 0 1 1 1 1 1 1 1 b u 1 1 1 0 0 f 0 1 1 i 1 1 k 0 1 1 j 0 1 1 1 1 1 0 1 1 1 1 q 1 1 1 0 1 1 1 0 1 1 p 1 1 1 0 1 1 0 1 1 0 0 1 
1 1 1 1 1 0 1 0 0 1 1 1 m 1 1 1 0 1 k 1 1 0 1 1 1 1 u 0 1 1 1 1 0 1 1 1 1 1 m 1 1 1 1 1 1 1 m v 1 1 1 n 0 0 0 1 1 0 0 0 0 i i 0 0 0 0 0 0 b 0 0 0 0 0 0 0 0 0 w b v 0 y e 0 p 0 r 0 1 0 1 1 0 1 1 b 0 1 
1 1 1 1 1 0 1 0 0 1 1 1 j 1 1 1 0 1 0 1 1 0 1 1 1 1 0 0 1 0 1 1 u 1 1 1 1 1 0 1 1 1 1 1 1 1 0 0 1 1 1 0 u 0 0 1 1 0 1 1 0 0 1 1 0 s 1 1 1 1 1 0 1 1 1 1 v 1 1 1 0 1 1 1 0 1 1 0 1 1 1 0 1 1 0 1 1 q 0 1 
1 1 1 1 1 i 1 0 0 1 1 1 0 1 1 1 z 1 r 1 0 0 t o 0 0 m 0 a 0 n u i 0 0 i 0 0 0 n 0 z s 0 0 0 0 0 m 0 0 0 0 0 0 d k f 1 1 0 0 1 1 0 k 1 1 1 1 1 f 1 1 1 1 0 1 1 1 n 1 1 1 0 1 1 0 1 1 1 l 1 1 g 1 1 0 y 1 
1 1 1 1 1 0 1 g 0 1 1 1 n 1 1 1 0 1 0 1 1 x 1 1 1 1 d p 1 0 1 1 0 1 1 1 1 1 v 1 1 1 1 1 1 1 h 0 1 1 1 0 0 0 y 1 1 0 1 1 0 i 1 1 0 0 1 1 1 1 1 0 0 1 1 1 f 1 1 1 0 1 1 1 0 1 1 0 1 1 1 0 1 1 0 1 1 0 0 1 
1 1 1 1 1 0 1 0 x 1 1 1 0 1 1 1 0 1 b 1 1 d 1 1 1 1 0 i 1 g 1 1 0 1 1 1 1 1 0 1 1 1 1 1 1 1 0 0 1 1 1 0 0 0 0 1 1 0 1 1 x 0 1 1 0 0 1 1 1 1 1 0 0 1 1 1 0 1 1 1 0 1 1 1 0 1 1 0 1 1 1 p 1 1 y 1 1 0 0 1 
1 1 1 1 1 0 1 v g 1 1 1 0 1 1 1 0 0 0 0 l 0 a 0 v 0 0 0 k 0 b k 0 0 0 0 k t n 0 z p 0 0 1 1 0 e 1 1 1 0 0 0 0 1 1 0 1 1 0 0 1 1 0 d 1 1 1 1 1 0 0 1 1 1 0 1 1 1 q 1 1 1 1 1 1 0 1 1 1 0 1 1 0 1 1 0 u 1 
1 1 1 1 1 0 1 0 i 1 1 1 x 1 1 1 y 1 0 1 1 0 1 1 1 1 g z 1 0 1 1 0 1 1 1 1 1 c 1 1 1 1 1 0 0 n 0 0 0 0 0 0 0 0 0 0 0 0 0 0 0 0 l 0 0 0 d a i m 0 g 0 s 0 0 0 0 n q w s 0 1 1 1 0 1 1 1 l 1 1 0 1 1 0 u 1 
1 1 1 1 1 0 1 n f 1 1 1 0 1 1 1 0 1 g 1 1 s 1 1 1 1 k 0 1 0 1 1 e 1 1 1 1 1 n 1 1 1 1 1 1 1 y 0 1 1 1 0 t z 0 1 1 0 1 1 0 e 1 1 0 0 1 1 1 1 p 0 d 0 0 n 0 1 1 1 1 1 1 1 1 1 1 0 1 1 1 0 1 1 0 1 1 0 0 1 
1 1 1 1 1 0 1 0 d 1 1 1 0 1 1 1 0 1 f 1 1 c 1 1 1 1 w 0 1 0 1 1 0 1 1 1 1 1 o 1 1 1 1 1 1 1 0 p 1 1 1 a 0 p 0 1 1 0 1 1 0 z 1 1 s 0 j 0 0 0 s 0 0 0 0 f y 0 0 x 0 0 0 0 a 0 0 o 0 0 0 0 0 0 0 a 0 c 0 1 
1 1 1 1 1 0 1 0 0 1 1 1 0 1 1 1 0 1 0 1 1 1 1 1 1 1 0 0 1 0 1 1 d 1 1 1 1 1 0 0 0 0 0 0 0 0 e 0 0 0 0 t 0 0 s t 0 u e 0 0 v 0 0 l 0 m x 0 0 q y r 0 0 g 0 m d 0 0 0 0 0 0 u 0 0 f 0 0 0 0 l 0 0 0 n b 1 
1 1 1 1 1 0 1 0 d 1 1 1 0 1 1 1 0 1 w 1 1 1 1 1 1 1 0 0 1 w 1 1 0 1 1 1 1 1 0 1 1 1 1 1 1 1 n 0 1 1 1 z t 0 0 1 1 0 1 1 r s 1 1 0 0 1 1 1 1 1 0 0 1 1 1 0 1 1 1 1 1 s 1 1 1 1 q 1 1 0 0 1 1 0 1 1 h 0 1 
1 1 1 1 1 e 1 0 v 1 0 0 0 0 0 w 0 0 0 0 0 z 0 0 0 s 0 r 0 0 0 0 0 0 x 0 0 x 0 1 1 1 1 1 1 1 f 0 1 1 1 0 y 0 0 1 1 0 1 1 0 0 1 1 0 0 1 1 1 1 1 0 0 1 1 1 n 1 1 1 1 1 0 1 1 1 1 0 1 1 0 v 1 1 0 1 0 0 0 1 
1 1 1 1 1 0 1 q 0 1 1 1 0 1 f 1 0 m i 0 0 0 0 i o 0 z 0 p 0 0 0 o 0 f 0 0 1 1 1 1 1 1 1 1 1 0 0 1 1 1 0 0 0 0 q p 0 0 0 s x 0 0 0 0 1 1 1 1 1 0 s 1 1 1 0 1 1 1 1 1 0 1 1 1 1 f 1 1 g j 1 1 0 1 0 z q 1 
0 o e 0 0 0 0 h q 0 0 v 0 0 0 0 0 0 0 i c 0 0 b 0 0 0 0 0 0 0 0 d 0 0 0 0 0 l e 0 0 0 0 0 k 0 0 0 0 0 0 0 0 0 0 j y 0 s 0 0 0 0 0 0 0 0 0 0 0 0 0 0 h p i 0 x 0 0 m m 0 0 0 0 0 0 0 0 0 1 1 b 1 g 0 0 1 
1 1 1 1 1 0 1 0 0 1 1 1 h 1 0 1 0 1 0 1 1 1 1 1 1 1 0 0 1 v 1 1 r 1 1 1 1 1 1 1 1 1 1 1 1 1 r h 1 1 1 0 1 0 1 1 1 0 1 1 1 0 1 1 g m 1 1 1 1 1 1 0 1 1 1 s 1 1 1 1 1 0 1 1 1 1 0 1 1 0 0 1 1 0 1 0 0 c 1 
1 1 1 1 1 0 1 0 0 1 1 1 0 1 e 1 0 1 0 1 1 1 1 1 1 1 0 0 0 1 1 1 0 1 1 1 1 1 1 1 1 1 1 1 1 1 m 0 1 1 1 p 1 0 1 1 1 0 1 1 1 a r j 0 0 0 0 0 l 0 0 0 0 0 1 m 1 1 1 1 1 0 1 1 1 1 0 1 1 0 0 1 1 0 1 j 0 i 1 
1 1 1 1 1 0 1 0 b 1 1 1 v 1 0 1 0 1 q 1 1 1 1 1 1 1 0 0 0 1 1 1 h 1 1 1 1 1 1 1 1 1 1 1 1 1 0 0 1 1 1 0 1 0 1 1 1 0 1 1 1 0 1 1 q 0 1 0 1 1 1 1 0 1 1 1 0 1 1 1 1 1 0 1 1 1 1 0 1 1 0 0 1 1 0 1 0 0 0 1 
1 1 1 0 1 0 1 0 n 1 1 1 0 1 0 1 0 1 0 1 1 1 1 1 1 1 0 0 u 1 1 1 0 1 1 1 1 0 0 0 0 q 0 n 0 0 0 0 0 0 s 0 0 e 0 0 0 g 0 s u a 0 0 0 g j b r 0 0 0 z 0 d 0 c x 0 a 0 c 0 0 0 0 0 j 1 1 v 0 1 1 0 1 k 0 0 1 
1 1 1 d 1 0 1 x a 1 1 1 0 1 0 1 0 1 0 1 1 1 1 1 1 1 l q j 1 1 1 0 1 1 1 1 1 1 1 0 1 1 1 1 1 0 0 1 1 1 0 1 j 1 1 1 h 1 1 1 0 1 1 0 i 1 0 1 1 1 1 0 z c 0 0 a d 0 0 0 0 0 c r 0 0 1 1 0 0 1 1 0 1 0 0 0 1 
1 1 1 0 1 0 1 0 f 1 1 1 0 1 0 1 0 1 0 1 1 1 1 1 1 1 0 0 0 1 1 1 v a 1 1 1 1 1 1 0 1 1 1 1 1 0 0 1 1 1 0 1 0 1 1 1 c 1 1 1 0 1 1 g p 1 0 1 1 1 1 0 1 1 1 0 1 1 1 1 1 0 1 1 1 0 f 1 1 g p 1 1 u 1 0 0 0 1 
1 1 1 m 1 0 1 n 0 1 1 1 a 1 p 1 z 1 n 1 1 1 1 g 0 0 0 0 a 0 0 0 0 r 0 0 y t 0 0 e 0 t 0 c g b 0 0 x s p h 0 v 0 0 0 0 0 0 w 0 0 0 0 0 h 0 0 0 0 0 0 0 0 0 0 c 0 u y k 0 i 0 0 0 0 0 0 0 0 0 y g 0 j 0 1 
1 1 1 h 1 0 1 0 0 1 1 1 0 1 0 1 0 1 1 1 1 1 1 1 1 1 0 i b 1 1 1 0 0 1 1 1 1 1 1 0 1 1 1 1 1 0 1 1 1 1 0 1 0 1 1 1 0 1 1 1 0 1 1 a a 1 0 a 1 1 1 c 1 1 1 0 1 1 1 1 1 0 1 1 1 0 0 1 1 u 0 1 1 1 1 z 0 n 1 
1 1 1 0 1 v 1 0 0 1 1 1 h 1 0 1 0 1 1 1 1 1 1 1 1 1 t 0 l 0 u 0 l v m 0 0 0 a t 0 0 0 0 0 0 0 0 y o 0 l 0 0 0 0 h 0 1 1 1 0 1 1 0 w 1 0 0 1 1 1 y 1 1 1 0 1 1 1 1 1 0 1 1 1 u 0 1 1 0 0 1 1 1 1 0 0 p 1 
1 1 1 1 1 0 1 1 j 1 1 1 0 1 1 1 0 1 1 1 1 1 1 1 1 1 0 t 1 1 1 1 0 o 1 1 w 0 o 0 n 0 0 0 o 0 0 g 0 1 1 0 1 0 1 1 1 f 1 1 1 0 1 1 0 0 1 0 0 1 1 1 x 1 1 1 0 1 1 1 1 1 0 1 1 1 0 u 1 1 0 0 1 1 1 1 r 0 h 0 
1 1 1 1 1 e 1 1 q 1 1 1 0 1 1 1 r 1 1 0 1 1 1 1 1 1 q 0 1 1 1 1 a 0 1 1 1 1 1 1 0 1 1 1 1 1 0 1 1 1 1 0 1 0 1 1 1 0 1 1 1 0 1 1 0 0 1 x 0 1 1 1 0 1 1 1 c 1 1 1 1 1 0 1 1 1 0 v 1 1 0 0 1 1 1 1 0 0 c o 
1 1 1 1 1 0 1 1 0 1 1 1 0 1 1 1 d 1 1 0 1 1 1 1 1 1 0 0 1 1 1 1 0 0 1 1 1 1 1 0 v a 0 1 1 1 0 1 1 1 1 0 1 0 1 1 1 0 1 1 1 0 1 1 0 f 1 0 0 1 1 1 0 1 1 1 0 1 1 1 1 1 0 1 1 1 y 0 1 1 h 0 1 1 1 1 0 0 s 0 
1 1 1 1 1 o 1 1 0 1 1 1 0 1 1 1 b 1 1 0 1 1 1 1 1 1 0 0 1 1 1 1 1 0 1 1 1 1 1 1 0 1 1 1 1 1 n 1 1 1 1 0 1 0 1 1 1 f 1 1 1 0 1 1 j n 1 0 0 1 1 1 0 1 1 1 j 1 1 1 1 1 0 a 0 0 0 0 o 1 y 0 1 1 1 1 0 0 0 0 
1 1 1 0 0 0 b 0 0 y 0 0 u 0 0 0 0 0 0 k 0 0 b f 0 0 g b 0 0 0 q 0 0 b 0 0 0 0 0 o a 0 0 i 0 0 0 g 0 0 m 0 b o 0 0 0 n a 0 0 0 0 0 0 0 0 w 0 0 0 i 0 0 o 0 0 0 0 0 y 0 0 1 1 0 a 1 1 h 0 1 1 1 1 0 d 0 0 
1 1 1 1 1 0 1 1 0 1 1 1 t 1 1 1 0 1 1 v 1 1 1 1 1 1 0 0 1 1 1 1 1 1 1 1 1 0 0 j i o 0 y 0 q 0 0 0 0 1 j 1 0 1 1 1 a 1 1 1 0 1 1 0 0 1 r 0 1 1 1 0 1 1 1 1 1 1 1 1 1 h 1 1 1 1 0 1 1 0 0 1 1 1 1 0 0 0 0 
1 1 1 1 1 0 1 1 0 1 1 1 0 1 1 1 0 1 1 0 1 1 1 1 1 1 f r 1 1 1 1 1 1 1 1 1 1 1 1 0 1 1 1 1 0 a 1 1 1 1 s 1 0 1 1 1 q 1 1 1 d 1 1 h 0 1 u y 1 1 1 x 1 1 1 1 1 1 1 1 1 0 1 1 1 1 0 1 1 0 0 1 1 1 1 0 0 0 f 
1 1 1 1 1 l 1 1 0 1 1 1 0 1 1 1 0 1 1 0 1 1 1 1 1 1 0 0 1 1 1 1 1 1 0 c y 0 0 0 0 h r 0 z 0 0 0 0 0 0 0 0 0 0 v c u 0 0 0 v 0 0 g 0 x 0 0 0 1 1 0 1 1 1 1 1 1 m 1 1 0 1 1 1 1 1 1 1 1 0 1 1 1 1 0 0 z 0 
1 1 1 1 1 f 1 1 s 1 1 1 t c a v s 1 1 1 1 1 1 1 1 1 b p 1 1 1 1 1 1 1 1 1 1 1 1 z 1 1 1 1 0 m 1 1 1 1 0 1 l 1 1 1 v 1 1 1 0 1 1 0 z 1 m p 1 1 1 0 1 1 1 1 1 1 0 1 1 l 1 1 1 1 1 1 1 1 0 1 1 1 1 0 0 0 0 
1 1 1 1 1 0 1 1 a 1 1 1 y 1 1 1 0 1 1 1 1 1 1 1 1 1 0 y 1 1 1 1 1 1 1 1 1 1 1 1 i 1 1 1 1 x 0 1 1 1 1 0 1 0 1 1 1 0 1 1 1 c 1 1 0 0 1 n 0 1 1 1 0 1 1 1 1 1 1 0 1 1 0 1 1 1 1 1 1 1 1 i 1 1 1 1 0 o i e 
1 1 1 1 1 0 1 0 0 0 g 0 0 0 q 0 0 0 1 1 1 1 1 1 1 1 0 0 1 1 1 1 1 1 1 1 1 1 1 1 e 1 1 1 1 0 0 1 1 1 0 0 1 0 1 1 1 g 1 1 1 0 1 1 0 x 1 0 0 1 1 1 0 0 1 1 1 1 1 0 1 1 0 1 1 1 1 1 1 1 1 0 1 1 1 1 1 0 0 0 
1 1 1 1 1 e 1 1 0 1 1 1 0 e 0 0 v 0 0 0 d 1 1 1 1 1 p 0 1 1 1 1 1 1 1 1 1 1 1 1 0 1 1 1 1 0 p 1 1 1 n j 1 0 1 1 1 0 1 1 1 0 1 1 0 0 1 0 0 1 1 1 0 0 1 1 1 1 1 0 1 1 b 1 1 1 1 1 1 1 1 0 1 1 1 1 1 0 0 0 
1 1 1 1 1 0 1 1 0 1 1 1 v 1 1 1 0 1 1 1 1 1 1 1 1 1 s r 1 1 1 1 1 1 1 1 1 v 0 u 0 1 1 1 1 0 0 1 1 1 0 0 1 0 0 1 1 0 1 1 1 0 1 1 0 0 1 0 0 1 1 1 0 d 1 1 1 1 1 0 1 1 0 1 1 1 1 1 1 1 1 0 1 1 1 1 1 w 0 0 
1 1 1 1 1 e 1 1 h 1 1 1 g 1 1 1 0 1 1 1 1 1 1 1 1 1 q 0 y 1 1 1 1 1 1 1 1 1 1 1 0 1 1 1 1 0 0 1 1 1 0 0 1 0 0 1 1 0 1 1 1 1 1 1 0 0 1 m 0 1 1 1 0 e 1 1 1 1 1 0 1 1 z 1 1 1 1 1 1 1 1 i 1 1 1 1 1 n 0 0 
1 1 1 1 1 x 1 1 u 1 1 1 p 1 1 1 0 1 1 1 1 1 1 1 1 1 m 0 1 1 1 1 1 e 1 1 1 1 1 0 o 0 z 0 0 0 0 a 0 0 d z u t h m p 0 l 0 0 0 i d p 0 0 w m b f 0 0 0 0 c 0 0 1 0 1 1 0 1 1 1 1 1 1 1 1 0 1 1 1 1 1 0 0 0 
1 1 1 1 1 0 1 1 w 1 0 0 n 0 0 0 0 0 g 0 0 0 0 0 0 0 0 f r 0 0 0 0 0 0 0 k v 0 0 h 0 0 0 0 0 0 k 0 0 n 0 0 l 0 e 0 0 1 1 1 1 1 1 d 0 1 0 0 1 1 1 0 i 1 1 1 1 1 u 1 1 0 1 1 1 1 1 1 1 1 0 1 1 1 1 1 y d 0 
1 1 1 1 1 0 1 1 0 1 1 1 0 1 1 1 y 1 1 1 1 1 1 1 1 1 0 t 1 1 1 1 1 r 1 1 1 1 1 1 0 1 1 1 1 x g 1 1 1 0 q 1 0 0 1 1 0 1 1 1 1 1 1 0 0 1 0 0 1 1 1 v 1 1 1 1 1 1 1 1 1 m 1 1 1 1 1 1 1 1 t 1 1 1 1 1 0 0 0 
1 1 1 1 1 0 1 1 0 1 1 1 0 1 1 1 1 1 1 1 0 1 1 1 1 1 0 0 1 1 1 1 1 a 1 1 1 1 1 1 z 1 1 1 1 0 v 0 0 0 c 0 0 s u 1 1 1 1 1 1 1 1 1 0 y 1 0 0 1 1 1 0 1 1 1 1 1 1 1 1 1 0 1 1 1 1 1 1 1 1 0 1 1 1 1 1 q i g 
1 1 1 1 1 1 1 1 0 1 1 1 m 1 1 1 1 1 1 1 f 1 1 1 1 1 0 0 1 1 1 1 1 0 1 1 1 1 1 1 r 1 1 1 1 u 0 1 1 1 0 0 1 0 0 1 1 1 1 1 1 1 1 1 0 0 1 1 0 1 1 1 0 1 1 1 1 1 1 1 1 1 s 1 1 1 1 1 1 1 1 u 1 1 1 1 1 g 0 0 
1 1 1 1 1 1 1 1 0 1 1 1 0 1 1 1 1 1 1 0 c 0 0 a 0 z 0 0 0 0 0 z a 0 0 0 a i 1 1 0 1 1 1 1 q f 1 1 1 y 0 1 0 0 1 1 1 1 1 1 1 1 1 0 0 1 1 0 1 1 1 0 1 1 1 1 1 1 1 1 1 0 1 1 1 1 1 1 1 1 0 1 1 1 1 1 n w 0 
1 1 1 1 1 1 1 1 p t 1 1 0 1 1 1 1 1 1 t k 1 1 1 1 1 0 p 1 1 1 1 1 0 1 1 1 1 1 1 0 1 1 1 1 0 p 1 1 1 0 q 1 0 0 1 1 1 1 1 1 0 t 0 0 0 0 t 0 x n i 0 0 0 0 0 v 0 0 0 0 0 0 0 0 0 i 0 0 0 r 1 1 1 1 1 v 0 0 
1 1 1 1 1 1 1 1 0 1 1 1 p 1 1 1 1 1 1 i x 1 1 1 1 1 0 z 1 1 1 1 1 1 1 1 1 1 1 1 1 1 1 1 1 0 0 1 1 1 i s 1 x 0 1 1 1 1 1 1 1 1 1 0 z 1 1 t 1 1 1 0 1 1 1 1 1 1 1 1 1 0 1 1 1 1 1 1 1 1 u 1 1 1 1 1 0 0 0 
1 1 1 1 1 1 1 1 0 1 1 1 0 1 1 1 1 1 1 0 k 1 1 1 1 1 e 0 1 u 1 1 1 1 1 1 1 1 1 1 1 1 1 1 1 0 0 1 1 1 f 0 0 0 m t 0 r q e 0 0 n 0 q 0 l 0 p m 0 0 b 0 0 0 0 0 0 0 g d 0 0 0 0 0 0 0 0 c v 0 0 0 0 i 0 0 0 
1 1 1 1 1 1 1 1 0 1 1 1 0 1 1 1 1 1 1 m 0 1 1 1 1 1 0 0 1 0 1 1 1 1 1 1 1 1 1 1 1 1 1 1 1 d 0 1 1 1 0 0 1 l 0 1 1 1 1 1 1 1 1 1 0 0 1 1 0 1 1 1 1 1 1 1 1 1 1 1 1 1 t 1 1 1 1 1 1 1 1 1 1 1 1 1 1 p f l 
1 1 1 1 1 1 1 1 0 1 1 1 0 1 1 1 e 0 0 b 0 0 0 0 0 g 0 0 0 0 0 y 0 c 0 g 0 0 0 a 0 y p t 0 t b 0 0 0 0 0 0 0 a 0 m 0 0 0 0 0 0 0 0 c 0 0 0 0 m 0 0 0 0 0 a 0 0 1 1 1 0 1 1 1 1 1 1 1 1 1 1 1 1 1 1 0 t 0 
1 1 1 1 1 1 1 1 f 1 1 l 0 1 1 1 1 1 1 x 0 1 1 1 1 1 0 1 1 0 1 1 1 1 1 1 1 1 1 1 1 1 1 1 1 0 1 1 0 1 h 0 1 1 0 1 1 1 1 1 1 1 1 1 z 0 0 0 l 0 0 r t 0 1 1 1 1 1 1 1 1 0 1 1 1 1 1 1 1 1 1 1 1 1 1 1 k 0 h 
1 1 1 1 1 1 1 1 1 1 1 p x 1 1 1 0 0 0 n 0 m 0 s 0 0 l c o 0 x i y 0 p e 0 0 0 s 0 0 u 0 0 r 0 l 0 0 0 0 0 0 k 0 0 0 0 i 0 0 0 0 a 0 0 0 0 1 1 1 1 0 1 1 1 1 0 1 1 1 u 1 1 1 1 1 1 q 1 1 1 1 1 1 1 0 y 0 
1 1 1 1 1 1 1 1 1 1 1 o 0 1 1 1 1 1 1 0 0 1 1 t 1 1 0 1 1 0 1 1 1 0 0 0 0 p 0 0 w 0 0 h 0 0 1 1 0 1 0 0 1 1 0 1 1 1 1 1 1 1 1 1 l r 1 1 y 1 1 1 1 d 1 1 1 1 e 1 1 1 1 1 1 1 1 1 1 c 1 1 1 1 1 1 1 0 p i 
1 1 1 1 1 1 1 1 1 1 1 0 j 1 1 1 1 1 1 0 0 1 1 0 1 1 0 1 1 0 1 1 1 1 1 1 1 1 1 1 1 1 1 1 1 1 1 1 b 1 0 0 1 1 0 1 1 1 1 1 1 1 1 1 0 0 1 1 0 1 1 1 1 0 l g 0 0 0 0 0 p 0 a 0 0 0 0 1 0 1 1 1 1 1 1 1 0 0 0 
1 1 1 1 1 1 1 1 1 1 1 1 r 1 1 1 1 1 1 d q 1 1 0 1 1 0 1 1 d 1 1 l 1 1 1 1 1 1 1 1 1 1 1 1 1 1 1 o 1 0 0 1 1 0 1 1 1 1 1 1 1 1 1 0 0 1 1 x 1 1 1 1 0 0 1 1 1 0 1 1 1 1 1 1 1 1 1 1 o 1 1 1 1 1 1 1 0 0 k 
1 1 1 1 1 1 1 1 1 1 1 1 j 1 1 1 1 1 1 x b 1 1 n 1 1 0 1 s 0 a 0 0 0 v 1 1 1 1 1 1 1 1 1 1 1 1 1 s 1 0 x z u 0 0 0 i 0 i 0 0 0 0 0 u z 0 0 i 0 0 0 0 0 i 0 e l 0 0 f d 0 m 1 1 1 1 0 1 1 1 1 1 1 1 0 0 j 
1 1 1 1 1 1 1 1 1 1 1 1 0 1 1 1 1 1 b a 0 1 1 f 1 1 a 1 1 0 1 1 r 1 1 1 1 1 1 1 1 1 1 1 1 1 1 1 h 1 d n 1 1 m 1 1 1 1 1 g 1 1 1 r 0 1 1 b 1 1 1 1 t 0 1 1 1 0 1 1 1 1 1 1 1 1 1 1 l 1 1 1 1 1 1 1 o 0 0 
1 1 1 1 1 1 1 1 1 1 1 1 0 1 1 1 1 1 1 0 0 1 1 q 1 1 0 1 1 h 1 1 o 1 1 1 1 1 1 1 1 z 0 0 s 0 0 0 0 i 0 y 0 0 0 0 l 0 0 0 0 0 0 0 0 0 x 0 0 0 0 0 0 0 t 0 0 q n 0 1 1 1 1 1 1 1 1 1 s 1 1 1 1 1 1 1 0 z r 
1 1 1 1 1 1 1 1 1 1 1 1 0 1 1 1 1 1 1 0 a 1 1 e 1 1 d 1 1 0 1 1 0 1 1 1 1 1 1 1 1 1 1 1 1 1 1 1 1 1 0 1 1 1 0 1 1 1 1 1 0 1 1 1 0 1 1 1 0 1 1 1 1 0 k 1 1 1 j 1 1 1 1 1 1 1 1 1 1 0 1 1 1 1 1 1 1 0 0 0 
1 1 1 1 1 1 1 1 1 1 1 1 0 1 1 1 1 1 1 g f 1 1 z 1 1 0 1 1 0 1 1 0 1 b 0 a j 0 r 0 0 0 0 0 0 0 w 0 h 0 0 0 j 0 r e 1 1 1 0 1 1 1 l 1 1 1 0 1 1 1 1 0 0 1 1 1 u 1 1 1 1 1 1 1 1 1 1 0 1 1 1 1 1 1 1 0 0 1 
1 1 1 1 1 1 1 1 1 1 1 1 0 0 0 0 0 0 0 0 0 m 0 0 z e 0 0 n 0 j a 0 0 0 0 0 s d s 0 k 0 0 0 0 0 0 0 0 0 0 0 0 0 s 0 0 0 0 y 0 0 0 s 0 0 0 o b i h 0 0 0 1 1 1 0 1 1 1 1 0 1 1 1 1 1 0 1 1 1 1 1 1 1 z 0 1 
1 1 1 1 1 1 1 1 1 1 1 1 r 1 1 1 1 1 1 l s 1 1 0 1 1 n 1 1 0 1 e 0 0 c i 0 u 0 m 0 1 1 1 1 1 1 1 1 1 c 1 1 1 w 1 1 1 1 1 0 1 1 1 x 1 1 1 z 1 1 1 1 0 0 1 1 1 0 1 1 1 1 h 1 1 1 1 1 1 1 1 1 1 1 1 1 0 0 1 
1 1 1 1 1 1 1 1 1 1 1 1 0 1 1 1 1 1 1 1 t 1 1 t 1 1 j 1 1 0 1 1 0 1 1 1 1 1 1 1 1 1 1 1 1 1 1 1 1 1 0 1 1 1 0 1 1 1 1 1 0 1 0 0 0 m 0 0 0 0 0 0 h o 0 t q 0 0 y 0 0 0 z 0 0 0 0 g g 0 0 0 z s 0 m 0 e 1 
1 1 1 1 1 1 1 1 1 1 1 1 0 1 1 1 1 a 0 g 0 0 0 0 0 0 l t b 0 z 0 0 e 0 0 m 0 k 0 0 0 0 0 i 0 0 z i h p j 0 0 0 0 1 1 1 1 1 1 g 1 1 1 1 1 0 1 1 1 1 0 z 1 1 1 0 1 1 1 1 0 1 1 1 1 1 1 1 1 1 1 1 1 1 0 0 1 
1 1 1 1 1 1 1 1 1 1 1 1 0 e 0 0 w i 0 h u 0 1 0 1 1 0 1 1 r 1 1 e 1 1 1 1 1 k 1 1 1 1 1 1 1 1 1 1 1 0 1 1 1 0 1 1 1 0 1 1 1 0 1 1 0 0 0 u 0 0 b 0 c 0 0 0 0 s 0 0 d p 0 g 1 1 1 1 1 1 1 1 1 1 1 1 0 0 1 
1 1 1 1 1 1 1 1 1 1 1 1 0 1 1 1 1 1 1 1 0 1 1 0 1 1 1 1 1 1 1 1 0 1 1 1 1 1 0 1 1 1 1 1 1 1 1 1 1 1 0 1 1 1 z 1 1 1 h 1 1 1 c 1 1 1 1 1 0 1 1 1 1 0 1 1 1 1 0 1 1 1 1 1 1 1 1 1 1 1 1 1 1 1 1 1 1 0 e 1 
1 1 1 1 1 1 1 1 1 1 1 1 0 1 1 1 1 1 1 1 0 1 1 0 1 1 1 1 1 1 1 1 j 1 1 1 1 1 0 1 1 1 1 1 1 1 1 1 1 1 f 1 1 1 0 1 1 1 b 1 1 0 w e 0 0 0 0 0 0 u h d 0 f 1 1 1 1 1 1 1 1 1 1 1 1 1 1 1 1 1 1 1 1 1 1 i 0 1 
1 1 0 0 k m 0 0 0 d 0 0 0 0 0 n a r 0 0 w t 0 0 0 0 0 0 0 g 0 1 1 1 1 1 1 1 0 1 1 1 1 1 1 1 1 1 1 1 i 1 1 1 a 1 1 1 e 1 1 1 0 1 1 1 1 1 1 1 1 0 a p 0 0 t 0 0 0 i 0 0 w 0 0 0 i e 0 0 0 0 i n h 0 s 0 1 
1 1 1 1 1 1 1 1 1 1 1 1 d 1 1 1 1 1 1 1 b 0 i 0 0 w 0 0 t 0 0 0 0 0 z n a 0 0 0 0 r 0 0 0 0 x 1 1 1 0 1 1 1 0 1 1 1 0 1 1 1 1 1 1 1 1 1 1 1 1 1 1 0 1 1 1 1 1 1 1 1 1 1 1 1 1 1 1 1 1 1 1 1 1 1 1 0 e 1 
1 1 1 1 1 1 1 1 1 1 1 1 w 1 1 1 1 1 1 1 r 1 1 1 1 1 1 1 1 1 1 1 1 1 1 1 1 1 e 1 1 1 1 1 1 1 1 1 1 1 0 1 1 1 1 1 1 1 0 1 1 1 1 1 x 0 l h c 0 0 0 c 0 0 a 0 0 y 0 0 r 0 0 0 0 w 1 1 1 1 1 1 1 1 1 1 0 1 1 
1 1 1 1 1 1 1 1 v 0 e 0 0 0 0 0 0 0 0 0 0 0 r 0 a 0 0 v 0 0 z 0 b y 0 0 0 r x 0 0 0 0 0 0 b 0 0 0 0 0 b 0 x 0 0 0 p 0 0 0 0 j 0 i 0 0 0 0 0 e 0 0 u 0 0 0 p 0 0 k m 0 0 t 0 0 a 0 0 0 c 1 1 1 1 1 w 1 1 
information
